1.269761 
1.201108 
1.168973 
1.151116 
1.140633 
1.134802 
1.131914 
1.131477 
1.132655 
1.135585 
1.139592 
1.145129 
1.151459 
1.159293 
1.167699 
1.177683 
1.187993 
1.200018 
1.212045 
1.225984 
1.239489 
1.255177 
1.269865 
1.287112 
1.302645 
1.321240 
1.337252 
1.356972 
1.373085 
1.393682 
1.409521 
1.430716 
1.445929 
1.467398 
1.481695 
1.503067 
1.516259 
1.537110 
1.549150 
1.569007 
1.580015 
1.598352 
1.608624 
1.624869 
1.634867 
1.648414 
1.658736 
1.668953 
1.680300 
1.686550 
1.699678 
1.701336 
1.717014 
1.713486 
1.732467 
1.723203 
1.746187 
1.730695 
1.758318 
1.736169 
1.768988 
1.739822 
1.778313 
1.741839 
1.786393 
1.742391 
1.793317 
1.741633 
1.799161 
1.739710 
1.803994 
1.736754 
1.807874 
1.732885 
1.810854 
1.728215 
1.812979 
1.722843 
1.814289 
1.716862 
1.814818 
1.710354 
1.814595 
1.703394 
1.813644 
1.696047 
1.811985 
1.688370 
1.809634 
1.680415 
1.806601 
1.672224 
1.802895 
1.663834 
1.798521 
1.655275 
1.793482 
1.646571 
1.787778 
1.637741 
1.781406 
1.628801 
1.774364 
1.619759 
1.766648 
1.610624 
1.758252 
1.601397 
1.749174 
1.592079 
1.739407 
1.582667 
1.728951 
1.573158 
1.717804 
1.563546 
1.705968 
1.553823 
1.693446 
1.543983 
1.680246 
1.534018 
1.666379 
1.523920 
1.651863 
1.513683 
1.636719 
1.503300 
1.620972 
1.492766 
1.604656 
1.482079 
1.587810 
1.471237 
1.570478 
1.460242 
1.552712 
1.449096 
1.534570 
1.437804 
1.516114 
1.426376 
1.497413 
1.414822 
1.478538 
1.403154 
1.459565 
1.391388 
1.440572 
1.379540 
1.421637 
1.367628 
1.402837 
1.355673 
1.384247 
1.343693 
1.365939 
1.331709 
1.347980 
1.319739 
1.330429 
1.307803 
1.313341 
1.295917 
1.296760 
1.284097 
1.280722 
1.272355 
1.265258 
1.260703 
1.250386 
1.249150 
1.236120 
1.237703 
1.222466 
1.226367 
1.209421 
1.215146 
1.196981 
1.204044 
1.185136 
1.193064 
1.173871 
1.182209 
1.163171 
1.171481 
1.153019 
1.160886 
1.143397 
1.150429 
1.134284 
1.140115 
1.125665 
1.129951 
1.117518 
1.119944 
1.109827 
1.110101 
1.102572 
1.100427 
1.095734 
1.090926 
1.089294 
1.081599 
1.083232 
1.072445 
1.077525 
1.063459 
1.072151 
1.054632 
1.067087 
1.045956 
1.062310 
1.037417 
1.057793 
1.029001 
1.053515 
1.020695 
1.049451 
1.012484 
1.045578 
1.004356 
1.041878 
0.996301 
1.038330 
0.988312 
1.034920 
0.980385 
1.031633 
0.972521 
1.028460 
0.964723 
1.025390 
0.957000 
1.022420 
0.949360 
1.019544 
0.941813 
1.016761 
0.934371 
1.014068 
0.927040 
1.011463 
0.919822 
1.008942 
0.912714 
1.006500 
0.905703 
1.004126 
0.898769 
1.001809 
0.891878 
0.999532 
0.884985 
0.997271 
0.878032 
0.995000 
0.870946 
0.992685 
0.863636 
0.990283 
0.855995 
0.987746 
0.847895 
0.985012 
0.839185 
0.982009 
0.829688 
0.978646 
0.819204 
0.974814 
0.807505 
0.970374 
0.794343 
0.965152 
0.779450 
0.958924 
0.762554 
0.951399 
0.743388 
0.942189 
0.721706 
0.930766 
0.697287 
0.916407 
0.669916 
0.898102 
0.639324 
0.874436 
0.605060 
0.843420 
0.566301 
0.802256 
0.521605 
0.747051 
0.468689 
0.672534 
0.404387 
0.572338 
0.325520 
0.442004 
0.232885 
0.290525 
0.141011 
0.157528 
0.079129 
0.084855 
0.055730 
0.059349 
0.049778 
0.050598 
0.046878 
0.046070 
0.044021 
0.042725 
0.041194 
0.039867 
0.038545 
0.037306 
0.036114 
0.034978 
0.033890 
0.032850 
0.031853 
0.030899 
0.029985 
0.029109 
0.028268 
0.027461 
0.026687 
0.025943 
0.025228 
0.024541 
0.023880 
0.023244 
0.022632 
0.022043 
0.021476 
0.020929 
0.020402 
0.019894 
0.019404 
0.018930 
0.018474 
0.018033 
0.017607 
0.017195 
0.016797 
0.016412 
0.016040 
0.015680 
0.015331 
0.014994 
0.014667 
0.014351 
0.014044 
0.013747 
0.013458 
0.013179 
0.012908 
0.012644 
0.012389 
0.012141 
0.011900 
0.011666 
0.011439 
0.011218 
0.011004 
0.010795 
0.010592 
0.010394 
0.010202 
0.010015 
0.009833 
0.009656 
0.009483 
0.009315 
0.009152 
0.008992 
0.008837 
0.008685 
0.008537 
0.008393 
0.008252 
0.008115 
0.007982 
0.007851 
0.007723 
0.007599 
0.007478 
0.007359 
0.007243 
0.007130 
0.007019 
0.006911 
0.006805 
0.006702 
0.006601 
0.006502 
0.006405 
0.006311 
0.006218 
0.006128 
0.006039 
0.005953 
0.005868 
0.005785 
0.005704 
0.005624 
0.005546 
0.005470 
0.005395 
0.005321 
0.005249 
0.005179 
0.005110 
0.005042 
0.004976 
0.004911 
0.004847 
0.004784 
0.004723 
0.004663 
0.004604 
0.004546 
0.004489 
0.004433 
0.004378 
0.004324 
0.004271 
0.004220 
0.004169 
0.004119 
0.004069 
0.004021 
0.003974 
0.003927 
0.003881 
0.003836 
0.003792 
0.003749 
0.003706 
0.003664 
0.003623 
0.003582 
0.003542 
0.003503 
0.003464 
0.003426 
0.003389 
0.003352 
0.003316 
0.003280 
0.003245 
0.003211 
0.003177 
0.003143 
0.003111 
0.003078 
0.003046 
0.003015 
0.002984 
0.002954 
0.002924 
0.002894 
0.002865 
0.002837 
0.002809 
0.002781 
0.002753 
0.002726 
0.002700 
0.002674 
0.002648 
0.002623 
0.002597 
0.002573 
0.002548 
0.002524 
0.002501 
0.002477 
0.002454 
0.002432 
0.002409 
0.002387 
0.002366 
0.002344 
0.002323 
0.002302 
0.002281 
0.002261 
0.002241 
0.002221 
0.002202 
0.002182 
0.002163 
0.002145 
0.002126 
0.002108 
0.002090 
