457.265610 
408.945858 
311.090563 
159.962009 
79.106396 
44.654947 
28.277720 
19.447062 
14.189070 
10.815752 
8.523635 
6.896520 
5.699553 
4.792937 
4.089538 
3.532615 
3.083905 
2.716966 
2.412729 
2.157737 
1.941822 
1.757219 
1.598088 
1.459923 
1.339117 
1.233052 
1.139355 
1.056178 
0.981934 
0.915412 
0.855569 
0.801542 
0.752577 
0.708045 
0.667446 
0.630285 
0.596180 
0.564825 
0.535927 
0.509230 
0.484526 
0.461608 
0.440309 
0.420477 
0.401968 
0.384674 
0.368497 
0.353344 
0.339133 
0.325788 
