4.246972121364668062e+00 -1.099520819503250912e+01 1.928750368592956344e-01 5.562304266103546446e+00 -8.118453944678957868e+00
4.403380442893862323e+00 -8.814897233045325464e+00 -9.559500889765806253e-01 5.528709406826526340e+00 -7.397802466068688965e+00
3.463803000240431196e+00 -1.035223205529958612e+01 -6.410318450283913894e-01 3.856925789304192165e+00 -1.090058938467717198e+01
7.583242356859925870e+00 -7.915101853995298420e+00 -4.490584129396744117e-01 9.566489885025440287e+00 5.626292978643087750e+00
1.014287109075567983e+01 -8.153617438275306384e+00 -1.233029448591242416e-01 7.957192021082763134e+00 4.264810293792486995e+00
7.537871053673358190e+00 -9.998596418856752877e+00 -6.645899445526781690e-01 9.801712385800263050e+00 7.674191484999361990e+00
4.236834267798109011e+00 -9.700203699756205111e+00 -1.633380601159746703e+00 3.493517706752296004e+00 -7.430497721203982664e+00
5.704733840572280279e+00 -8.964858936745887519e+00 -4.590737573491274759e-01 9.635482692472887578e+00 5.693949955278302610e+00
4.639355384993479881e+00 -8.198936228941015258e+00 8.874925170682144149e-01 5.078613247517954399e+00 -9.133936750824382500e+00
8.819083561732909970e+00 -8.860187916068035463e+00 1.366561145266634636e+00 7.017757277715245046e+00 4.365569370902742108e+00
6.251738080900578254e+00 -9.670374014072695701e+00 -1.220665177888760500e+00 8.241232346641341522e+00 5.643237542582579813e+00
5.618808547355376604e+00 -1.087493364863922451e+01 -1.681285991831893423e+00 6.623106544921312455e+00 -8.747925436489785156e+00
4.276685124107435065e+00 -1.030654591338580062e+01 -2.046792362073748817e-01 5.379802060048334944e+00 -7.612223083218465192e+00
2.750811035508772484e+00 -1.026497179518677605e+01 -1.189533587769859180e+00 6.118157438748209387e+00 -9.183919432787991610e+00
7.428002473825646490e+00 -1.018352392692708008e+01 1.683990479426165754e+00 8.922633178873773829e+00 3.768327932098178401e+00
3.385385738883218476e+00 -1.032380409037168612e+01 -2.146083404833067920e-01 6.868378041766696640e+00 -8.073974930470210865e+00
7.807948031168582048e+00 -1.061442087002880541e+01 -9.849373003117840586e-01 7.447513505472739936e+00 4.061181722273714989e+00
3.807851598641866175e+00 -8.409831539868632078e+00 1.016756428319477434e+00 5.581941721141577162e+00 -8.012995666769544556e+00
3.303956274387769732e+00 -8.633467057091088748e+00 -2.030259841686886002e+00 4.724829483633715022e+00 -7.324945191771116804e+00
8.709121742588378012e+00 -8.615070206766379357e+00 5.581732379672912359e-01 8.357997952387565377e+00 5.070461369300699239e+00
5.037854909085988098e+00 -1.138498824896877615e+01 -9.097221814724600897e-01 5.524220177266477627e+00 -8.915219199003672657e+00
8.812961276527113696e+00 -9.472839852003199113e+00 8.300726211352815742e-02 8.587175700109963117e+00 5.847151373151661780e+00
3.943064607042757075e+00 -9.898380214734201488e+00 1.441320003461996624e-01 4.901784991812217385e+00 -7.583359499842416973e+00
7.516398887313114230e+00 -9.190256197382844050e+00 -2.223523127173409053e-01 9.724630569068827057e+00 5.370647023166129408e+00
6.771280809205979523e+00 -9.904886655553914565e+00 8.841434648912681604e-01 8.669552499157614278e+00 3.261063571352798451e+00
7.727400252543533909e+00 -1.149942567313351915e+01 3.307635123436841740e-01 8.412815297208764420e+00 5.550839781886653945e+00
3.878450983845542765e+00 -9.292445110772867167e+00 9.054636320965130381e-01 5.601975713530189083e+00 -7.088046408574342649e+00
3.851415309709153245e+00 -8.612235329033108400e+00 -1.728361575561231156e+00 4.561137108290794551e+00 -8.922040002539525005e+00
5.547384310228967053e+00 -9.513913975465587924e+00 -2.119982485610605316e-02 5.750271913063984996e+00 -8.276203522515142907e+00
8.187246164884227184e+00 -7.866506369129430354e+00 7.393257680356382089e-01 1.001207321991249621e+01 5.040542101741452008e+00
4.037414597382282366e+00 -1.150160464735398058e+01 -1.456594534139249664e+00 4.390234275372437267e+00 -9.235522388397800597e+00
6.724856067317370290e+00 -1.055139651209222151e+01 -4.910578388403566974e-01 9.598851407086455012e+00 3.939468692408556905e+00
8.444676561676427440e+00 -9.292380692908377426e+00 1.528055212880995439e+00 8.720838546901980237e+00 5.230332862052152976e+00
4.603525926379201216e+00 -1.096118117430439121e+01 -5.702343204921795916e-01 5.360416896800678899e+00 -7.429995868619113430e+00
1.098530959813584396e+00 -9.801359408367835258e+00 -1.557182276250240305e+00 8.130908658930701804e+00 -7.915374462425467605e+00
2.826590836695615838e+00 -1.043695982861191318e+01 8.367276541329231598e-01 4.469012401827010095e+00 -8.605819191216387054e+00
8.665064484818790547e+00 -8.163722922194995846e+00 -3.018011741517266366e-01 7.232625686935017839e+00 4.975720839320174171e+00
8.105791695197078539e+00 -7.129086301315228802e+00 3.549556892786742690e-03 9.499808505506882383e+00 5.430466582377699858e+00
6.525935375926780857e+00 -1.059902910934163067e+01 -3.871281487238688035e-01 8.299987197826940388e+00 4.339653098063034342e+00
4.760912560382616121e+00 -9.093296458914666758e+00 -3.221044861839711171e+00 8.067728225127190456e+00 -7.950007629241643059e+00
6.395909807753651144e+00 -7.732229806014188966e+00 3.673888249496101710e-02 5.931078983202515253e+00 3.773117771253659214e+00
3.953411374992514826e+00 -1.042086830789073204e+01 -1.377098269826932508e+00 5.685426308718582789e+00 -7.614894699298430325e+00
9.084907554898189019e+00 -9.558015075469967314e+00 1.568071585056197259e+00 1.098752642351066910e+01 4.569432515936590278e+00
2.819351139655143168e+00 -8.423810721067408025e+00 -1.315439009016983629e+00 4.787001394007787347e+00 -7.516684700014643283e+00
8.090411181716842037e+00 -1.046705431324081559e+01 9.512241048673244492e-01 9.450541469414631024e+00 4.872402054606894239e+00
4.099344708952582295e+00 -9.773583394636229826e+00 2.023562157734242195e-01 5.576467182559218472e+00 -7.656111521866526104e+00
4.223502447237235558e+00 -1.132757007849958164e+01 -8.650015915637296882e-01 5.745317614993922462e+00 -8.243949004249436996e+00
7.173530785637757035e+00 -7.541775895257347706e+00 2.501588687577892545e-01 9.132447228812312190e+00 3.456138803474070542e+00
3.827371031649717370e+00 -9.429709828302289765e+00 -1.666138524383216080e+00 6.074411601859906362e+00 -6.056005787805965213e+00
4.148715494766454626e+00 -1.020463652384536779e+01 -1.341986044208777651e+00 5.870414276817571775e+00 -8.838443770289206469e+00
2.485835458928932873e+00 -1.096256048587773257e+01 -9.691175412676763523e-01 4.711555637586609002e+00 -9.741563150363612422e+00
4.523190822701501190e+00 -1.169463889687789759e+01 -9.352484175116337894e-01 4.715108802755298534e+00 -9.588430017070546540e+00
6.204550846726732516e+00 -9.899618507791693389e+00 -1.947959965393368242e-01 8.350176939791797537e+00 6.830783217354516879e+00
5.465308555942646862e+00 -9.027123646496264087e+00 1.303286180976676478e+00 1.032868797542755779e+01 5.447933008498264229e+00
4.246321864478101560e+00 -1.048603249218069067e+01 5.024428927133934852e-01 4.961674870941887860e+00 -8.877323654944733633e+00
6.396419689364633676e+00 -1.018305356856131993e+01 1.627060552929927573e+00 8.305620517921662227e+00 6.656722790217534325e+00
3.066006775298400822e+00 -9.789274863419763051e+00 -4.137435094929781121e-01 4.826138786252382573e+00 -7.850069475011375530e+00
5.523210155480382966e+00 -8.229614631264290381e+00 -9.612637028682227136e-01 5.037452544692448519e+00 -6.488370862656291038e+00
4.815035122411461366e+00 -1.149016093892734247e+01 -3.018681241984099706e-01 5.528144952026410763e+00 -8.985390790443405606e+00
8.872622733555546759e+00 -8.521125333489491638e+00 -3.841505121110047050e-01 8.630118283654617528e+00 7.377529257464327195e+00
7.384310860080995909e+00 -8.709917068540809382e+00 -2.514318689663209927e+00 7.373643263315629248e+00 4.327522066039946935e+00
3.261703726455828178e+00 -9.103938747851739066e+00 2.524625806142853923e-01 3.884569048976417971e+00 -7.899444151901345634e+00
7.577033320507099212e+00 -7.530011928083928829e+00 -1.748409842843326123e+00 9.762898685344564953e+00 4.651459421094047642e+00
6.524535788994482388e+00 -9.466512770077875061e+00 5.210490576262725160e-01 9.973243009825761618e+00 5.412039237699875827e+00
8.649804613682658072e+00 -7.527715738761452613e+00 4.591232640905483220e-01 8.416527406915056631e+00 4.762319758472353115e+00
4.098682035785572886e+00 -9.024296488051737342e+00 -3.645096677083089265e+00 3.340248624383279630e+00 -7.786189220749776041e+00
5.820302371534876507e+00 -8.798106993552863742e+00 -1.855609981336507897e-01 4.692659748362502548e+00 -6.292348789107921725e+00
2.418795488349425593e+00 -1.015916554146943618e+01 -1.787498627282595898e+00 6.399797494986981583e+00 -7.226839407687824846e+00
6.368500890939097658e+00 -9.959552754463198099e+00 8.795872485430799026e-01 8.858068634222769688e+00 3.083822812049886952e+00
4.447447810468014850e+00 -1.082518495213613363e+01 -1.312832582125412761e-01 3.524760050699828451e+00 -6.813936314109639625e+00
8.146841065757666200e+00 -9.717533499698658872e+00 1.033111285795499101e-01 9.145752497380469137e+00 3.981364258829786174e+00
6.750726146264279137e+00 -9.595103104834944219e+00 -1.669963970497494232e+00 8.000786638086745839e+00 5.594163105341064757e+00
8.203525495896895947e+00 -8.877162291524959059e+00 -1.148895233351270750e+00 8.354656429606588830e+00 5.258644072052407914e+00
7.386322113944334689e+00 -7.976972463794777646e+00 6.952045914622058120e-01 7.640639592671044866e+00 4.396394111627314416e+00
3.233984425748097191e+00 -9.573201783592958591e+00 -1.313579600281165938e+00 4.355215839450861104e+00 -7.871369202798483400e+00
6.731559524670668537e+00 -8.538401817859327281e+00 -1.990653209629441811e+00 9.647758062832004100e+00 7.762100804830077472e+00
4.984968112474525981e+00 -9.420893958537297053e+00 1.689264554124090267e-01 6.141668290313941014e+00 -9.549398140809188362e+00
4.884276958291431825e+00 -7.764735812333334763e+00 1.353557894658085292e+00 3.698511777835682857e+00 -7.899674722037651975e+00
4.236946790301986177e+00 -1.018531378525707787e+01 1.078513994344546090e+00 4.455663371256157745e+00 -9.923693170029659782e+00
7.619763593221057008e+00 -9.250914747631517443e+00 1.061268596699009192e+00 9.177892191421538115e+00 6.412747679536708212e+00
5.406217280736101749e+00 -1.022072226206313950e+01 1.128876766717518132e-01 6.646961002242765204e+00 -6.845572869276883132e+00
3.719962389970298489e+00 -9.993690354121719466e+00 -1.859529648536895285e+00 5.868543602227305200e+00 -7.706206445055673981e+00
3.491082488250752291e+00 -1.020725413993083031e+01 -1.016757485414220064e+00 5.715709964167063006e+00 -7.018974554830537116e+00
3.941305609430982404e+00 -9.548482784866623163e+00 5.656616682200246160e-01 5.923347160713368531e+00 -8.845204032648084080e+00
8.387894564299521960e+00 -9.282149774088079397e+00 -1.443450216203221448e-01 9.241852492570840738e+00 4.353152522260939072e+00
3.100818254985430400e+00 -7.750008363302227643e+00 5.653634943411267599e-02 7.838606681502393592e+00 -8.282974962574781941e+00
4.171562297363744065e+00 -9.810058849924395474e+00 3.016302293012664837e-01 4.031993242117303922e+00 -6.042226196176581965e+00
7.641308752647076652e+00 -7.285093230103523609e+00 -1.140746622495765195e-01 8.778965596045317454e+00 4.947649887444457661e+00
7.910046200763958701e+00 -8.974399868649939549e+00 -5.576642441496173497e-01 6.941954603790737366e+00 4.178702706797400523e+00
3.371842229125161960e+00 -9.763655760299366548e+00 -1.039320043528407123e+00 5.415217910029199722e+00 -7.219153944202399309e+00
7.831249934860166739e+00 -9.232343646991704844e+00 2.186950242678840084e+00 8.419569027073521283e+00 4.407856043203299379e+00
8.381973815874300016e+00 -9.706015577079636358e+00 1.203562518144460025e+00 9.783033592955185043e+00 4.733272611157770982e+00
5.721464580845502468e+00 -1.039363533007959539e+01 -9.448804630074073563e-01 7.117308865335017387e+00 -7.119777241694719372e+00
8.272157652713499232e+00 -1.094570934568410436e+01 -9.326410748541669182e-01 8.459629791088415729e+00 4.789326961601119592e+00
6.369590961169384613e+00 -9.905959313300039426e+00 -7.941573619501552939e-01 8.256371631179465709e+00 3.474042222822194326e+00
5.680032064292854344e+00 -9.928966856431939547e+00 4.813250008461260609e-01 3.986319956311390911e+00 -8.835959006208330635e+00
8.302449590398207846e+00 -8.367738536933917004e+00 1.345579416111059690e+00 9.943598008029800539e+00 6.854022643288278260e+00
4.246395045720930739e+00 -8.625741227829507807e+00 -2.375677025465689596e+00 3.827937232235573806e+00 -8.693173251615050390e+00
3.426907013207385333e+00 -9.267830702251599106e+00 -6.797440262284725199e-01 4.742255455466972691e+00 -8.958363416681157432e+00
6.940842125854096878e+00 -9.417003182152742013e+00 2.891565415785121829e+00 9.888563814783285721e+00 5.482141146850492142e+00
2.857276940295054857e+00 -8.560750431296026974e+00 -1.386568361434374008e+00 5.852202229342133855e+00 -8.513547150896309645e+00
7.565137289687252853e+00 -9.326600351148254475e+00 1.207763067237761945e+00 8.408525395368501520e+00 7.548101467454183755e+00
6.052873319745362579e+00 -8.618001032618938240e+00 1.008597542544265036e+00 1.046439836112855382e+01 6.803442111772774581e+00
4.103291988397272050e+00 -1.067470649568115348e+01 -1.974617660741488923e-01 5.514907291674576939e+00 -8.250082122661657635e+00
2.934894400989111141e+00 -1.107366106343820000e+01 -1.587147871184397374e+00 7.181344411572917252e+00 -8.316765252720925261e+00
4.060888734839753766e+00 -9.427853853566231734e+00 -5.040982546127763531e-01 6.460467141425912274e+00 -7.042338486495927974e+00
6.618121338847824831e+00 -9.629149348811537834e+00 -2.698051646832867467e-01 8.680870229573397268e+00 4.110983698025129307e+00
3.341129490954709347e+00 -9.350993093925112021e+00 -1.072066046897942382e+00 4.825543506886387668e+00 -9.623523300139135372e+00
3.132239599647870687e+00 -1.022605285335925274e+01 -2.073467819470664608e+00 5.677214984693677913e+00 -8.019578085227326625e+00
8.530298121070492456e+00 -9.777900112620901751e+00 1.850474075432661181e+00 9.239927514830048594e+00 3.817106425456424645e+00
4.742707288131335908e+00 -8.111588985612852909e+00 -4.446447466043568220e-01 3.898542231576601402e+00 -8.230409270378128639e+00
8.596896936745899609e+00 -9.691101769196256654e+00 -3.198343171019609743e-01 7.981252504164038974e+00 3.639090586449195364e+00
3.113037715226002700e+00 -8.095830042523957104e+00 3.773027732190126216e-03 5.633492267643518403e+00 -8.123188773332685741e+00
5.724133790167999614e+00 -9.846354056730827864e+00 -1.376985698999429797e+00 8.638505966179112150e+00 5.626850310943478206e+00
5.880553425613168628e+00 -8.130562545941444341e+00 1.080363885207261121e-01 8.466044963649471455e+00 4.191971818957373586e+00
7.821404007702635219e+00 -1.021284171607760349e+01 4.520824887093944366e-01 8.020189829569813966e+00 6.082787015647964424e+00
7.820207215070229978e+00 -1.005413061201704217e+01 -1.686332647187547273e-01 9.739679617835543368e+00 4.452411771029262333e+00
8.416817166735933498e+00 -9.841889143871556556e+00 3.163474933348141560e-01 9.411975236133915956e+00 3.947638106921194989e+00
6.454522014551905329e+00 -1.061409119167106319e+01 6.791844651679163070e-02 9.211300347641104835e+00 6.153643532937768335e+00
2.721491679825454035e+00 -1.058464766647555955e+01 1.023553823068957813e-01 5.258095954421440510e+00 -8.307407537116805685e+00
5.734976340150456764e+00 -1.068674699239674020e+01 4.422234120502155363e-01 4.374248790367460060e+00 -8.878164676456338000e+00
3.878525708544948714e+00 -8.511121329294546456e+00 -1.570429923193200406e+00 5.329035609990146583e+00 -9.801937253119827886e+00
8.127214300829646021e+00 -9.834532007120154518e+00 -4.747132400544593622e-01 1.193045945338750258e+01 7.534510079414765471e+00
7.435568406186702894e+00 -9.137365521185301986e+00 1.281941107298839810e+00 7.990952062169996317e+00 5.896171229685989168e+00
3.270788308704513092e+00 -8.356243603480207227e+00 -3.376306765590395553e-01 5.199616769190893883e+00 -8.185925500892585305e+00
4.707168636650099103e+00 -8.947522622134329140e+00 -1.783674700102160227e+00 7.104320937078496101e+00 -8.117609012348403041e+00
2.139322972706016124e+00 -9.035053776037157647e+00 -6.220932154898939359e-03 6.615964369004607271e+00 -8.925540827666257115e+00
4.704255997266157507e+00 -9.151150999229702876e+00 -9.338972725080929571e-01 6.314903946507187449e+00 -8.004432513784051295e+00
3.365240988741803996e+00 -9.087911976936105418e+00 -1.801938445505767206e+00 5.559693491887046868e+00 -7.998072477868713115e+00
3.900208465296434390e+00 -1.138343362216300925e+01 -1.122005059239764568e+00 5.854233330588956008e+00 -8.341990877475002009e+00
8.230066076950862453e+00 -8.721957623528822978e+00 -4.067621179768868833e-01 6.997645115780911418e+00 6.523993809798490418e+00
7.971602071269723311e+00 -1.043818745803672066e+01 5.925421045429822842e-01 9.012967529409081635e+00 5.429625532980605129e+00
8.547362547139895739e+00 -8.132566923962318839e+00 9.918727721721453117e-01 1.083683085561499659e+01 5.413032514309576548e+00
2.872359802540686680e+00 -1.069778070351017263e+01 -5.574367644850692916e-01 6.524729438077598864e+00 -9.536228457189311669e+00
7.102686128666844567e+00 -1.102224957268902550e+01 6.807163211640367972e-01 9.815403426571364776e+00 6.094683919695677687e+00
4.410653681946011595e+00 -8.869085144184477798e+00 -4.713252197014006217e-02 4.719955406744884563e+00 -9.154670017440754037e+00
5.242584251806341911e+00 -9.569119105406777237e+00 -1.210880938921936600e+00 5.498776861718694953e+00 -1.052945270671058609e+01
7.029828067334788599e+00 -9.054291364649674989e+00 -1.047507798010713365e-02 8.285331546521021551e+00 4.318146852248460732e+00
8.343466916219476559e+00 -1.023557301703540645e+01 1.295127142572795265e+00 8.953902566421994891e+00 3.657622858900485330e+00
8.164513381778004231e+00 -8.715219353351084663e+00 8.549443701070890134e-01 8.926586103306828335e+00 3.321220218447719752e+00
6.670401612177813355e+00 -1.028966688804220198e+01 -2.168536506749447201e-01 9.555372783720788021e+00 5.036109834530213547e+00
6.808460318030498115e+00 -9.908997875045317372e+00 -3.443143277385810608e-01 8.585831275395698015e+00 6.403763425977736290e+00
6.439810217980179274e+00 -8.525521325844547249e+00 1.583387875695144942e+00 8.635965637048860444e+00 3.666478247967441817e+00
3.954462398533211687e+00 -1.065421594375278325e+01 -5.958814293183594124e-01 5.859151684335007992e+00 -8.232210234651391900e+00
6.254274951184529918e+00 -9.902017850481810157e+00 1.176565812545025569e+00 1.010550863396689181e+01 3.876333668152541989e+00
2.839686991340693467e+00 -1.094698184040297662e+01 -1.954387245631464820e-01 5.022673675044406316e+00 -8.343134133290011079e+00
7.074655884650594473e+00 -9.498867082051329902e+00 -1.943239962926093800e-01 8.652218701383551647e+00 3.722305884168455314e+00
4.539107284865282033e+00 -9.585344334449372283e+00 -9.199906179681659468e-01 3.410113397906356703e+00 -7.895050554705047574e+00
5.159620409211637337e+00 -9.837896694870849501e+00 -1.328055132102034186e+00 5.727236132041492844e+00 -8.152382391469471301e+00
6.540154812564475506e+00 -5.640136700930051816e+00 -8.549093115779622387e-01 8.683869986068366131e+00 4.363787080284762254e+00
7.620171222662833976e+00 -9.441496427289196802e+00 1.089476414967644136e+00 8.693643019220930412e+00 6.213374896493581545e+00
7.811036812992909972e+00 -9.709341359427250850e+00 -1.745023809001103876e-01 1.030008451132037983e+01 5.363792754779564298e+00
7.760274238802868929e+00 -8.174085964625666278e+00 9.477642778937638013e-02 7.253464399312337108e+00 4.946102525904862546e+00
7.187219193472978773e+00 -9.290552886946583655e+00 3.489382297737569916e-02 9.004125954020729239e+00 3.692959741514955319e+00
7.245790683675716437e+00 -1.068615273201578653e+01 -1.113402462434755380e+00 1.012371133330890416e+01 4.700046515563579774e+00
6.863353511017485253e+00 -8.601600910176495418e+00 1.286366899097440175e+00 9.828438183152238494e+00 6.020647046182400430e+00
7.385242660577041818e+00 -1.198430505266295221e+01 -9.602475032745714234e-01 8.838357355503543289e+00 5.426727170564140224e+00
6.522471707905348026e+00 -7.452381933065082897e+00 9.941486648527336767e-01 9.026718123208777200e+00 4.594938862237638588e+00
8.405020507514629813e+00 -9.213400692136369585e+00 -1.478489718144304632e+00 9.362002283834348404e+00 4.150787307280506155e+00
1.698629814881178479e+00 -9.920182444447908310e+00 -7.941110505966400002e-01 6.003625099946331645e+00 -9.398042003147265788e+00
4.226092345476802237e+00 -7.761198573845138782e+00 -1.460536669614479699e+00 6.349977479293712257e+00 -8.709599541131254341e+00
2.417981760765564481e+00 -1.009873177273909306e+01 -1.336256749090409146e+00 5.918284615177406671e+00 -8.006659031288567263e+00
7.254536457535698091e+00 -8.667294076785168500e+00 1.075147850883725997e+00 8.708484359771848204e+00 6.777104073163320308e+00
9.359198886631221015e+00 -7.275774513890294060e+00 -1.124680660045533909e-01 8.841139646986901468e+00 4.129534844523659487e+00
7.149592929293799415e+00 -8.629045372648810996e+00 2.097326550326966965e-01 1.020161043092647901e+01 4.151123212035003895e+00
7.182168008902644729e+00 -7.823997556520914998e+00 2.007634859372295466e+00 6.992687726152158056e+00 2.831725169245493667e+00
7.404602907798664368e+00 -9.733733426789285659e+00 6.607808127596548342e-01 8.788540379470349606e+00 5.387804574719559980e+00
2.758297778379954934e+00 -1.075761301924566027e+01 -1.067040130547699528e+00 5.041815653397653030e+00 -7.850146837977558967e+00
8.705098834942692321e+00 -1.117343593512063116e+01 -4.623693828509984893e-01 7.692640697120907589e+00 5.414577395538418436e+00
6.413827097777422104e+00 -9.250220405582339822e+00 -1.299933507059689353e+00 1.136381798493475159e+01 6.085010641439244417e+00
5.836812730059986798e+00 -1.068739140012053923e+01 -7.050629820402742887e-02 5.924749985455333601e+00 -8.834127814276977020e+00
3.526545669645326786e+00 -9.696589607755703000e+00 -8.017459617215796364e-01 4.539654869840638263e+00 -8.855001232925548749e+00
2.374579419473886954e+00 -1.055643984509042888e+01 -6.990525448829990607e-01 6.548415936203982213e+00 -9.031496354628000489e+00
7.731685671906488366e+00 -9.676369216692538799e+00 -1.097246683332668837e+00 8.687079149715577486e+00 6.520414724159866005e+00
7.458679124653783354e+00 -8.043626646791057766e+00 2.355532537259317494e-01 8.487596814604454920e+00 6.688777899178820263e+00
7.208025174069375929e+00 -8.955809551653738154e+00 -4.662636163148136115e-01 9.353153753993355579e+00 4.731481045392681217e+00
7.914775412132557975e+00 -8.897062700168886451e+00 1.252868886893896860e+00 8.648689219875643985e+00 6.478204721350785178e+00
2.744263852310337093e+00 -9.941020851734833741e+00 -7.695223167101544748e-01 5.536453949613807879e+00 -8.255905286209101135e+00
3.760035774586676816e+00 -1.119415972940148585e+01 1.297909208786287572e-01 6.429285284937703793e+00 -8.660110689260704930e+00
4.184302247504556149e+00 -8.860056037832446663e+00 3.119918828785597231e-01 7.210186338276724172e+00 -8.011249147430467232e+00
3.568912938659753564e+00 -9.744048229816623774e+00 -6.954689907941551397e-01 5.773395837072591519e+00 -8.596610703238672713e+00
5.361193236270644924e+00 -1.068875707822022569e+01 -1.030859820880401401e+00 5.833112753651007232e+00 -7.133679285897537525e+00
6.741022239996715903e+00 -9.351221013445897512e+00 -1.257270510540696495e+00 7.839041088364179899e+00 3.810691652088570081e+00
7.036289278572198214e+00 -8.565449809835156358e+00 -5.385865986293669749e-02 7.205875894841139662e+00 5.929551439036908178e+00
1.692456026889920029e+00 -9.811662089565439615e+00 7.138490513896857959e-01 4.327445908067248936e+00 -9.297824467169785834e+00
7.479013785832423267e+00 -9.180647853736608965e+00 7.527911615888878138e-01 1.011238212313417506e+01 5.177713223563044309e+00
5.609015767780627826e+00 -9.851236237515539784e+00 -8.169480113700101631e-01 6.142173167030360759e+00 -9.225904843973079750e+00
6.390397044503547619e+00 -8.056046472878795939e+00 -3.196412231190025821e+00 7.623958107109563009e+00 7.478043648013639633e+00
3.886509344646449371e+00 -9.460284292442668885e+00 1.203090861618212770e+00 6.247102621666178024e+00 -7.464016269040882001e+00
6.212382151788282236e+00 -9.612676017440071163e+00 -2.131586694499276180e-01 5.498970411473870890e+00 -8.384178426479801161e+00
8.078589989021477180e+00 -1.089237045927374758e+01 8.716815621690603422e-01 8.355535535710417960e+00 4.522424414593611885e+00
7.512186229273886795e+00 -1.035871786830158925e+01 -1.214260420074861235e+00 8.298131847302053998e+00 6.821230742462928376e+00
7.330095445208648641e+00 -7.558731570998377336e+00 -2.215119768363368102e+00 9.088245707436371390e+00 3.712379054071543116e+00
4.646601355553285906e+00 -1.008843854441149190e+01 -6.456373760153876207e-01 4.312213853354159632e+00 -9.124993668716269823e+00
4.881288720209786547e+00 -8.677940317564130979e+00 -2.801822350992913435e+00 5.538853448360128162e+00 -9.257883344749497923e+00
7.939050568846064415e+00 -8.389230059123397254e+00 -2.825032799505246550e-01 7.955325537576449335e+00 7.081030207279383148e+00
6.507821078707269891e+00 -9.633759540775871599e+00 -1.762465937905136837e+00 4.718473497508650638e+00 -7.662633670554479082e+00
4.958330579024024409e+00 -8.687661737710749676e+00 -6.450110552508854234e-01 6.619379913378975466e+00 -9.573151203596395931e+00
7.152123464093929961e+00 -9.742022639846833698e+00 -1.936134074093689983e-01 9.354411769531541410e+00 4.470089007339813847e+00
6.444474312209284683e+00 -9.795989694527756697e+00 6.714008158505837542e-01 9.613908653090854628e+00 5.720538367852464390e+00
1.309524375358321002e+00 -9.719315208254696969e+00 -4.733654899081028988e-01 4.424931202682384601e+00 -8.902760898778691256e+00
3.082741217006323975e+00 -1.185294446856909012e+01 -9.746824286938449156e-02 6.814357535875354976e+00 -9.333399229279132570e+00
6.298335672953614406e+00 -8.158741962606402609e+00 -5.047960108386125855e-01 6.580825414740221646e+00 4.104224751538682270e+00
7.619908088926290013e+00 -8.698105700181244515e+00 2.553807432101059538e-01 8.065023074452199126e+00 4.784230404774510781e+00
7.640516732543843226e+00 -8.466288270293951257e+00 -7.256925331778805166e-01 1.057697399017935957e+01 3.641252536965633446e+00
4.510524773602185178e+00 -1.150954811704046143e+01 -1.990227348973178989e+00 6.123503361109723819e+00 -9.288425735599464161e+00
3.940743441706060057e+00 -9.947790807139590186e+00 -2.716149331392661015e+00 4.681189506490088803e+00 -8.775019562509433158e+00
5.638797891446360566e+00 -9.495698907803362232e+00 -1.519628447636571345e+00 5.916608738364951492e+00 -8.545289181440189452e+00
7.989362236399919937e+00 -9.964122820072255138e+00 -1.064651095551736315e+00 9.413429264606767433e+00 5.250352020087860616e+00
3.370016929357096735e+00 -1.287459213990439011e+01 -9.606332145967184655e-01 4.691607408919196587e+00 -1.017574023280996798e+01
3.163609404402874858e+00 -9.920419704576778130e+00 -7.732801961452752115e-01 5.480638397786628424e+00 -9.143622858539654175e+00
3.665886352684101013e+00 -9.678218348340378085e+00 -1.845285779720978292e+00 4.748532519715020328e+00 -8.226965405753851712e+00
4.453658522213873816e+00 -1.054173533965078491e+01 1.806301455125017164e+00 3.628797748970034931e+00 -9.158863504358949470e+00
3.692740357108345250e+00 -8.556593047761287707e+00 -1.290138609200581321e+00 5.238463571888559933e+00 -8.844802252738071857e+00
6.807386168858911013e+00 -9.251122783115400594e+00 4.878896131498748345e-01 9.728361826158005599e+00 6.458924045749768084e+00
4.391693000685558346e+00 -9.525753955736963263e+00 -8.472134548748039284e-01 5.047232622254107071e+00 -7.353098079028828060e+00
7.749068218833587984e+00 -1.085738226515805316e+01 -2.345040837084019225e-01 7.584075596950329512e+00 6.296303536321047112e+00
2.457997014786617918e+00 -1.036566925433446329e+01 -5.450814195698538978e-01 5.668262042270606038e+00 -6.290269990854620019e+00
5.054129855125747639e+00 -9.263684060403512888e+00 2.855544373137538505e-01 6.782975909155092076e+00 -7.513119544303997088e+00
4.930216104502936680e+00 -7.483263807866000761e+00 -7.944638043710889885e-01 6.159105005409519329e+00 -8.952927662128651320e+00
5.299578071169498195e+00 -8.536822339152267958e+00 -1.187788387069532270e+00 5.833390264759877653e+00 -8.438724343210557421e+00
3.879222544131551764e+00 -1.048898432064287434e+01 -1.786598641236555984e+00 4.047867619253032068e+00 -9.068615691948869184e+00
7.967842991460065249e+00 -9.846667528713998863e+00 1.288583427881997423e+00 8.955978778052296363e+00 4.002237942736471155e+00
7.016544797316652371e+00 -8.987248085794707464e+00 -4.508985777747943624e-01 8.988735664366995337e+00 6.527657945271295503e+00
4.965958360645716496e+00 -9.194349463279086976e+00 2.088607395044915771e-01 4.692888172026887794e+00 -7.834826688814224838e+00
2.323875450259840658e+00 -9.401006506343305702e+00 -5.497046965247153194e-01 4.377636791380325576e+00 -7.566960927521638069e+00
2.379583086740153064e+00 -9.245445889012565033e+00 -7.907453418057915906e-01 4.075618679964952307e+00 -7.837881504747807426e+00
4.278032847762934132e+00 -1.019171784206318598e+01 -1.816276734868270237e+00 6.823416620782200681e+00 -8.229531068853640718e+00
6.703131177565262888e+00 -9.199409430887598660e+00 3.259384620000643773e-01 8.895616090891229177e+00 4.237603430864808729e+00
2.901030402343362624e+00 -1.000268356960089022e+01 -7.275570330456490042e-01 3.418970415634231763e+00 -1.030478944401605723e+01
6.827685714426635855e+00 -9.248198618893928469e+00 1.047368205904986027e+00 7.810424615581377239e+00 3.878362363381241629e+00
4.720933885522186735e+00 -1.098248398171694618e+01 -4.282931341319031193e-01 4.958835351943895020e+00 -6.155195926671473750e+00
3.414109385119005857e+00 -1.084610920654144373e+01 -2.571418354397970951e+00 5.822423608738270140e+00 -8.319002393015029639e+00
4.443423009997411022e+00 -8.512508032639198419e+00 3.150680998675106093e-01 5.041425601223453512e+00 -7.828392954225452449e+00
7.630394724586588850e+00 -9.659362866020602567e+00 -2.497140604949980580e-01 9.503272731863271261e+00 5.225067004157605943e+00
7.957475336881677741e+00 -1.020502328818306026e+01 2.159411593559819487e+00 8.621535293940844724e+00 4.590119777628323128e+00
2.594157948064610864e+00 -1.117442083571892475e+01 -3.398495103151176200e-01 6.399942925947730288e+00 -9.294694770782879090e+00
4.550635964894643948e+00 -9.432238386701115473e+00 4.525317703690123761e-01 6.007866338898059766e+00 -1.033619797885780045e+01
4.236000697619176414e+00 -1.050747080904702280e+01 -1.198258062132183666e-01 6.026463275506273476e+00 -8.423803928595495094e+00
2.548095082534881151e+00 -9.407741094428036632e+00 -3.056418805966536478e+00 5.503010011025620152e+00 -8.745056801064125196e+00
4.786507947566988719e+00 -7.740590224574513734e+00 8.668408143426853396e-02 7.494715656591822039e+00 -8.103071514797226982e+00
4.471998380736373235e+00 -1.001342283683513656e+01 -1.076177077628508005e+00 5.201199387697921672e+00 -7.233535964115549888e+00
2.382294723468425524e+00 -1.106979373814234968e+01 -9.276615576454054768e-01 5.011766370698573780e+00 -8.161925940867295282e+00
8.280917523253881640e+00 -8.228415956125784803e+00 -6.475378389239144772e-01 8.930912868989235420e+00 5.350255367426704822e+00
9.330656638805427505e+00 -6.635975124295564243e+00 7.526134712585006437e-01 1.078430064847779413e+01 5.017192921571046682e+00
4.781962477223456354e+00 -9.280639950231895696e+00 -1.278331142055289860e+00 6.309964616329694742e+00 -9.860326618703030732e+00
8.087591350589297789e+00 -8.346985312878132390e+00 8.949681827518052302e-01 7.891844787159870478e+00 3.251588025183068886e+00
6.846962786512587051e+00 -9.835795919884645855e+00 1.353445996532521178e+00 8.745918056936192286e+00 4.047677507271824737e+00
4.069657353725490090e+00 -9.350157409201651504e+00 8.022232766333428078e-01 6.666744234133138214e+00 -7.138053375469614714e+00
4.372903642367591992e+00 -1.158464701025728338e+01 -1.482335830286346079e+00 5.191853892495672085e+00 -8.738239568782244504e+00
6.783955677925271210e+00 -9.821445919132191449e+00 1.290116548819450593e+00 1.061623667547923588e+01 7.270707451820594081e+00
3.706796153402506455e+00 -1.034716990619638999e+01 -2.184606197631270286e-01 4.780125655322652989e+00 -9.521696410201696992e+00
4.529472984190951124e+00 -9.672750615450539158e+00 3.080652174528160092e-01 5.380309687093150828e+00 -8.237120420173681623e+00
7.994090238753521760e+00 -9.661062037540133929e+00 -6.514720220605457746e-01 9.086405644849385510e+00 4.240810969308637546e+00
7.064549511194075926e+00 -1.056191564992865040e+01 6.923721653684080657e-01 8.603983887173200173e+00 4.311360204254741646e+00
3.780737236729433626e+00 -1.042231082702720535e+01 -1.291395040791504467e+00 6.934321398170971484e+00 -8.397358428034173983e+00
3.347220634371076198e+00 -9.773679053507791537e+00 1.952246325454409792e-02 5.860674797314176843e+00 -8.930582560813725479e+00
7.611192949741385050e+00 -8.280504096730126662e+00 2.936731811733736541e-02 8.577344310130161631e+00 7.269679051289337224e+00
8.727656339980990552e+00 -9.207247564324655187e+00 9.208073980516665591e-01 1.143279000633262754e+01 4.633256371669919993e+00
1.070001411845230166e+01 -8.038152323847700842e+00 -3.636565648411195228e-01 8.459688840822634504e+00 5.187157403983611026e+00
7.942405755006596735e+00 -1.005132801706396251e+01 -1.239389185937208149e+00 8.708414388496269254e+00 6.928128892073040390e+00
2.223394398973981723e+00 -8.318755435669963560e+00 -1.035131867940811468e+00 5.032868885960072092e+00 -7.941981666243944638e+00
7.394406381218253443e+00 -8.957761832766625076e+00 -1.669322125926005485e-01 8.324291804362385250e+00 3.964490475470211273e+00
3.123534563790812513e+00 -8.025020657844764926e+00 -3.808871760777256532e-01 5.511095624257009717e+00 -8.029181361489246882e+00
6.115922187033577373e+00 -7.983029370896643329e+00 -6.686294430973960257e-01 8.611484550486297351e+00 4.713090723331528231e+00
6.446113516935420229e+00 -8.850895623475619090e+00 5.846575506327459371e-01 8.143524126658189033e+00 5.587895006539855380e+00
5.772804069671990668e+00 -1.099037817421279861e+01 9.778829908488066991e-01 1.117715443960535282e+01 4.468017894344417762e+00
6.689211154956241856e+00 -9.960148928907846866e+00 -8.892121188310724289e-01 5.168590930462684696e+00 -9.533826532241540974e+00
4.414768088536463964e+00 -1.046497239260629719e+01 -1.220205844620392055e+00 5.144577469614995735e+00 -9.340114742657467772e+00
7.695342103712051518e+00 -8.076500319010477824e+00 1.214743078237451313e+00 6.994986908400544934e+00 5.638113699892712383e+00
3.935108338479267776e+00 -8.723323875460250676e+00 -1.117889265781564223e-01 6.418126111640582998e+00 -9.260626482317078967e+00
8.288489207687804949e+00 -8.501511842031554522e+00 -2.309458927840252196e-01 6.652584024330767676e+00 7.321927033846956867e+00
4.382682433084120532e+00 -1.086481956950821726e+01 -1.057343369632410157e+00 6.898919732186518772e+00 -9.422052467408470022e+00
7.329305335696820300e+00 -8.619583007753579551e+00 7.588544335119957740e-01 7.462416737618136509e+00 5.041569549708317943e+00
2.726092456070039027e+00 -9.074046755642218187e+00 -7.789413699336527053e-01 5.202764809769552912e+00 -9.662795930432974245e+00
4.132632453134050365e+00 -8.731558747931050135e+00 -2.324375650580629227e+00 6.645390963120350492e+00 -8.503986035755136896e+00
4.773921176712211611e+00 -1.041647674363544240e+01 -1.983102982462700226e+00 5.120523011417514425e+00 -7.767058416301705570e+00
8.520840768306930713e+00 -8.466421247593901356e+00 6.673391125729930540e-01 8.769251272732713431e+00 4.801355250130549202e+00
3.652128467552073321e+00 -1.009149795765681468e+01 -6.472954099244265791e-02 6.409780555180271122e+00 -6.364338487487480656e+00
2.011058344310603374e+00 -8.903951008794154021e+00 4.205140479683442400e-01 6.415966134125254072e+00 -8.487474626810261213e+00
7.140701954224265791e+00 -1.069973542508992281e+01 -1.275334931668755889e+00 1.103436825237786323e+01 5.234028055704713189e+00
4.535435782528435489e+00 -8.414300715093002481e+00 -7.230277232932975640e-01 5.284095276692403864e+00 -8.797448771149223745e+00
3.278020162540825844e+00 -1.087648295004860088e+01 -2.264643566176983924e+00 6.309036566790476641e+00 -9.501314876497898965e+00
2.868310878070919667e+00 -1.038578785357736223e+01 -1.043746205056876208e+00 5.889120778559714608e+00 -6.520688398623814663e+00
5.674729707543181512e+00 -9.252830408631790959e+00 -2.247818431034871889e+00 5.617750976121286044e+00 -1.078142028876656866e+01
7.156071435166430739e+00 -9.909312069757145736e+00 -4.187432233174923635e-01 8.553022863974218737e+00 4.358406877518945954e+00
5.207859932452731044e+00 -9.342861834654160091e+00 -9.539238641431702082e-01 6.736875083012896503e+00 -7.759831693159149779e+00
3.959677130389211541e+00 -8.780861175425066278e+00 6.455766461159220260e-01 3.380028781852224995e+00 -8.300099296957551331e+00
8.025149436637736500e+00 -8.818983397772271360e+00 2.346704108644572240e-01 1.069527889089529182e+01 6.291838966990924931e+00
7.397245256138339720e+00 -8.720286864628139512e+00 -9.675505873563936543e-01 8.132359230961084151e+00 5.334250883665546006e+00
5.025684816731169846e+00 -1.069056341318772496e+01 -1.300923628829585121e+00 3.081581731695599569e+00 -7.342008206667443027e+00
3.991858846658367099e+00 -9.740168849799557549e+00 -1.672302605541229781e+00 6.076031200284712774e+00 -7.936001708367766305e+00
7.513403060209269846e+00 -1.079464041521874407e+01 1.353553003163311119e-01 7.742530654128011669e+00 4.868156346974340742e+00
3.232862739727358825e+00 -1.024765891765757075e+01 4.782962449252674553e-01 4.844428498038079844e+00 -8.066941559534120287e+00
6.596954789443493894e+00 -9.312067673731128536e+00 1.986909019505868068e+00 9.968282900517699829e+00 6.457524354361670937e+00
2.960200267439850208e+00 -1.029523078307605566e+01 -1.144535199527767722e+00 5.004780697754021901e+00 -8.120202578115732095e+00
7.626107798532059334e+00 -1.030196738567715897e+01 -9.065501772486572740e-02 9.340141508474664178e+00 3.916292700569637297e+00
8.094712043068199137e+00 -8.467430427392448777e+00 5.430162468342497606e-01 6.739535850101708192e+00 3.998834799240515103e+00
3.092472519178592449e+00 -1.118594287545807830e+01 3.314225167821549523e-02 5.797230986993535673e+00 -1.041130614407353683e+01
7.065921792181746319e+00 -8.801073389456927742e+00 3.176242672252207466e+00 8.301536092379347309e+00 4.732310594660046554e+00
4.476244319139966343e+00 -1.011323407685254416e+01 4.034203152722573016e-01 5.719841929943116021e+00 -8.915466276505277676e+00
6.676897096020042888e+00 -8.672622070450321630e+00 1.250452761758890752e+00 7.594383097533922822e+00 6.140873153250096195e+00
7.230262267604409487e+00 -1.052528642749996379e+01 5.734860446628826658e-01 6.457623878425877706e+00 4.444594672322910611e+00
9.423489732545819564e+00 -9.963717732310886532e+00 -1.304617905960821611e+00 9.338107477329009143e+00 5.335304612737600038e+00
7.077703148175842784e+00 -1.076022849893629996e+01 1.365834633488789973e-01 8.414345749263835827e+00 4.174360818503418002e+00
6.258547517257181170e+00 -9.505649368341956063e+00 -2.439590694166118290e+00 7.652642027397002167e+00 5.352695932380652444e+00
3.369610381863452186e+00 -1.071142329534990978e+01 -2.281138378324214955e+00 4.595972798198658893e+00 -8.279760859364804659e+00
7.022159860365923656e+00 -9.389500952343876605e+00 6.689644541677386425e-01 8.743414377267741955e+00 4.591919242202342488e+00
4.178764335386061290e+00 -1.102850555390621956e+01 -2.081338529779738433e+00 3.777807975541690677e+00 -6.674563138773518034e+00
5.965277395328681287e+00 -1.141887523412864347e+01 -3.058535209478861483e-01 5.975712426736528471e+00 -7.831482932879713310e+00
4.110613259549615428e+00 -8.279537951769093240e+00 -3.258990187459936294e+00 3.493315454896782857e+00 -1.040525920534322957e+01
2.084176482785552231e+00 -1.075189747306047039e+01 -1.695833735543893717e+00 7.195922297808887258e+00 -9.455781719097346993e+00
8.821176587037252048e+00 -8.342002465976534609e+00 8.955487646176953920e-01 9.831844564583679613e+00 6.128255319553464808e+00
3.343587879643831862e+00 -9.450679891806851529e+00 -1.508763176729039923e-01 5.519157521211526252e+00 -7.973361944982659821e+00
5.015477731670517691e+00 -1.057000690553518574e+01 5.663718167456766039e-01 4.308704338695080516e+00 -9.305898194204962337e+00
6.456486132760078434e+00 -1.067352254909408593e+01 -8.012236556627732043e-01 6.609493539913485982e+00 -6.387507258962691559e+00
8.009106072170395052e+00 -9.651670668108677020e+00 6.889228768995977470e-01 9.291498862841658379e+00 6.505229935853515499e+00
3.200236304640406093e+00 -7.844014386060411681e+00 -1.063731856526310082e+00 5.975962254116907957e+00 -9.063415902756926101e+00
3.470732661893228155e+00 -9.427603527452298238e+00 -1.186847004154057750e+00 5.213034010155074505e+00 -8.873783965751551150e+00
4.082657240858048375e+00 -9.801141354061805089e+00 -1.159122882048660097e+00 6.610505971755619825e+00 -7.024895781394413063e+00
4.460474769556403096e+00 -1.116318444878557692e+01 -1.143737970400947601e+00 6.773696782744607070e+00 -8.581982506342544781e+00
4.493475019014952387e+00 -1.054832394933992568e+01 -2.568403941121861211e-01 4.769909318173426449e+00 -8.478316152419527185e+00
7.590136992314210573e+00 -8.931946681658532228e+00 1.840231792800706978e-01 9.100099740046140084e+00 5.787732102907763299e+00
4.392778145543729806e+00 -9.992797041252213575e+00 -1.175413747648513807e+00 4.967709065508736366e+00 -8.892836988088097527e+00
6.788977581382182436e+00 -9.001728123875787801e+00 4.367690879257533076e-01 9.706435584684724560e+00 5.771572144657087122e+00
7.577826079543226179e+00 -9.114324606215410185e+00 -1.343354497028466765e+00 7.780366025046399514e+00 5.382729615624962882e+00
9.829716892373502546e+00 -8.842541982899366104e+00 1.147256477064817481e+00 1.111815489280218117e+01 6.657222676413480755e+00
7.936064101932217341e+00 -7.704388663422385264e+00 -1.312518144689526434e+00 8.325635277498760090e+00 4.149363364756466055e+00
3.410402215536633364e+00 -1.048381773150641294e+01 -7.245471921706588825e-01 5.707591529389846485e+00 -7.697425307091574354e+00
9.289734539779106015e+00 -8.761140668034254730e+00 7.902718118986962192e-01 9.982689422665165679e+00 4.608225068866847352e+00
4.255342981848049710e+00 -9.336068991903156089e+00 -8.918797372215703234e-02 5.626669526319811432e+00 -8.922947384164629625e+00
6.261527523006890306e+00 -8.837577309034671202e+00 1.536007705323409356e+00 7.607153132123399608e+00 3.657168053023704957e+00
7.176141175087574098e+00 -8.416057644679858285e+00 8.023857968307797350e-02 8.943106935874530095e+00 6.959054070019487170e+00
5.164782257685945233e+00 -1.097702496357210400e+01 -1.185014753545597932e+00 4.975270346885423578e+00 -7.472857896180943982e+00
3.128111423322876838e+00 -8.747004080711725749e+00 -1.472634123825550034e+00 4.624129839526845309e+00 -8.182355003716072162e+00
5.853144107302994392e+00 -9.954977917490177575e+00 1.491605941204654506e+00 8.604765897666052155e+00 5.633683995169213254e+00
3.746110138012162416e+00 -1.070402039689033025e+01 -5.822623245974807293e-01 4.930390187138196545e+00 -6.235112606297324334e+00
3.026294634395599203e+00 -9.276012497333020690e+00 -4.997884759336604921e-01 6.561506362712118623e+00 -7.503705964893715219e+00
6.643722254496708501e+00 -7.264240177315704372e+00 -2.774347675417490611e-01 1.010181184560899048e+01 5.892004026668097971e+00
6.895690938120755398e+00 -8.701748780958535434e+00 6.071837572684007922e-01 8.970137533608017577e+00 3.801853703758975911e+00
9.060585349487219275e+00 -9.556497598732095256e+00 4.733308464493604095e-01 9.979615072491181849e+00 2.944002289400544647e+00
6.202928736540189725e+00 -1.010052253220042040e+01 -6.353778197251368498e-01 8.587174936269121872e+00 4.548085134549800124e+00
4.014336372403010778e+00 -1.059023236922077160e+01 -4.013456200223480819e-01 5.258092348793495852e+00 -7.796480009744923834e+00
4.421359633756002161e+00 -8.236769647212778267e+00 -3.891885362967334450e-01 6.904032806057132987e+00 -7.806376741316822354e+00
6.756333924617250020e+00 -6.446390177458412474e+00 4.676948622651923571e-01 9.308638456033534681e+00 5.514666588467238562e+00
5.219028384519130093e+00 -9.345307152401424844e+00 -1.996371741411189005e+00 5.109113476542691323e+00 -9.720627216542498061e+00
4.789938978473680109e+00 -1.042414937326182667e+01 -1.590745595632983012e+00 4.068448061868595644e+00 -8.717453933760435092e+00
6.993715361174049683e+00 -9.153533273563217776e+00 -1.246639368403924086e+00 8.426755710137168620e+00 4.770970919388220821e+00
3.385197406878165616e+00 -8.758208124133071593e+00 -5.845259970097003155e-01 5.838761410797604690e+00 -8.151711808431786110e+00
7.733291694441812858e+00 -9.175013842983579693e+00 -4.864093379385121541e-01 8.611616352051063572e+00 4.476325820534000854e+00
7.084220698073426803e+00 -9.629704523613451528e+00 5.157979953089057990e-01 7.801981141373040884e+00 5.142507512095696676e+00
6.524872175995707124e+00 -9.712654278381632977e+00 -1.469051311633319812e-01 8.414432091156392346e+00 5.086266880610982533e+00
8.053626515253325735e+00 -8.424095510067244774e+00 6.821822272186133240e-01 8.667400328520102448e+00 3.422146717302249286e+00
2.509153365442756023e+00 -1.016024782267212601e+01 -3.850508448308245790e-01 6.337306415964971684e+00 -6.906076217418492647e+00
5.076121879115735425e+00 -1.113318496404081870e+01 -1.260311695759881001e+00 5.205860225190225066e+00 -8.299760982653948460e+00
9.151510730538806371e+00 -7.987721274149779838e+00 1.663640036660851473e+00 9.024153487127712481e+00 4.171475641611903207e+00
5.483035967272266831e+00 -9.383218884833002704e+00 -1.316979474720892274e+00 3.502255921328743415e+00 -9.656196066266289790e+00
6.252451762093410359e+00 -8.710006043100660733e+00 1.885155831211539956e+00 9.309321909000395578e+00 5.780679139632027841e+00
7.445785758190187842e+00 -8.090763647261661973e+00 1.161038204644631477e+00 8.721568276649017903e+00 4.472772659534056672e+00
7.445819849504909271e+00 -7.187510981651879405e+00 7.611926586121475768e-01 8.567652799413529863e+00 5.277844322490218509e+00
8.368700264801876898e+00 -7.294181730416888776e+00 3.619741745126813237e-01 9.508806841167585233e+00 4.220808466482873555e+00
2.533447098117064478e+00 -9.797767042651065239e+00 -2.370953871372622146e+00 4.255120728881913728e+00 -9.440202368394848165e+00
8.238967923839620511e+00 -8.372792680255473741e+00 1.377366272309006767e+00 9.383765848501916196e+00 5.787374218549992122e+00
5.898469147250671618e+00 -9.166688585260466482e+00 3.641239717833621992e-01 1.017907667062971555e+01 6.632421656138314248e+00
7.244370682497012659e+00 -8.618473278344140454e+00 9.726040428991928888e-01 9.173150585871303164e+00 4.088203310868179230e+00
5.316478404818115955e+00 -9.730977714668034295e+00 -1.544436413427351384e+00 8.432312108820514851e+00 4.689967889954365532e+00
6.995948301768315503e+00 -7.769076185881269581e+00 9.975126829866250988e-01 8.145060329509272279e+00 5.912552306176140249e+00
2.515049756090903976e+00 -8.720548371331739546e+00 -2.709523628694439523e+00 5.202213880548629099e+00 -6.257100113696403731e+00
2.857801660192653692e+00 -9.813945688824230018e+00 1.020449854073498530e+00 7.700841627090441399e+00 -8.133299089429886664e+00
3.155345298446138091e+00 -1.092651679296779221e+01 -2.684961984292638659e-01 5.706310100969508525e+00 -8.010788613468669439e+00
4.325608955835295255e+00 -8.717623442727601812e+00 -1.493043703102723718e+00 5.405838816454214601e+00 -9.969767533217259725e+00
7.942619270864048175e+00 -8.967936704934547976e+00 2.174686153162145863e-01 9.791879101386184558e+00 3.954060901065029832e+00
8.811656840995418349e+00 -9.278898105061291091e+00 4.979112356070427570e-01 9.098818337751520602e+00 6.593189534756125347e+00
3.272709419832392719e+00 -9.316862585299219290e+00 -1.607483021232712916e+00 6.702204530723636644e+00 -6.589226325745613622e+00
4.659464826273753246e+00 -1.143106377838628873e+01 3.045752123819001067e-01 6.046019700508353800e+00 -9.858778241440020906e+00
5.626313448643816884e+00 -1.048840470724886487e+01 4.414132806396771080e-01 6.160839630068995376e+00 -7.945698068358289845e+00
7.683894617695061768e+00 -1.097241908283016443e+01 -8.240514778182383981e-02 1.063788911750574329e+01 6.019706536870517155e+00
8.613962121683485407e+00 -8.596438935222963096e+00 9.886431104290323013e-01 7.473245208101968018e+00 5.430724590326621914e+00
5.262065374446789789e+00 -8.617759182038437160e+00 -1.298644724315686450e+00 9.545794489893589585e+00 5.444903562365762006e+00
7.726897026996697448e+00 -1.050953257390939299e+01 3.968232916001113164e-01 6.746802768952457896e+00 4.084156914511331671e+00
6.416948974607716849e+00 -8.392579710103156287e+00 6.379379905095238223e-01 8.511121454190531566e+00 5.154373464703819963e+00
6.764274171955245940e+00 -1.029580290269638354e+01 1.501025002741902759e+00 8.191388893354714540e+00 5.910304367239418433e+00
8.097528268858201983e+00 -8.933686857114416568e+00 1.582825523444270743e+00 9.529859123806176058e+00 6.750623845538178180e+00
7.105472568211696149e+00 -9.197418865965726553e+00 1.459417833588350089e-01 8.755502994303197895e+00 4.871937594817721262e+00
3.292565491856212834e+00 -9.091598421374701644e+00 -1.189647825128531622e+00 4.199676250867935501e+00 -9.184284862908832281e+00
4.351293580393166494e+00 -1.020636052134342897e+01 -1.512478978031736698e+00 4.721713263563273699e+00 -1.062369065151716896e+01
6.316952058522608660e+00 -7.443945827287047123e+00 -6.480416580151214800e-01 1.007548332381481693e+01 5.847911211310533375e+00
5.936940632815089991e+00 -9.512296177351389659e+00 1.919399526469628137e-01 7.794659560878808513e+00 3.843701684911603245e+00
7.556601351994899574e+00 -8.766051682446480697e+00 1.964929426576018101e-01 9.348108368251203615e+00 4.463564041138115002e+00
2.792539233950014133e+00 -9.667147670884615351e+00 -4.458510982484475416e-01 6.875511238663555069e+00 -8.560123413411181659e+00
7.148382420292469952e+00 -8.750147720096046910e+00 -8.398572442031820851e-03 9.588566633727308997e+00 5.716078849836971010e+00
3.987001617139464216e+00 -1.088451510656854992e+01 -1.369511839084516902e+00 5.515032098622764778e+00 -9.876378078773882407e+00
2.853644087560752940e+00 -1.012707086160109426e+01 -1.390091974623934634e+00 4.631173389908243010e+00 -7.666190614339360998e+00
2.795193385197678904e+00 -8.457463119294800435e+00 -1.331101270350543153e-01 5.294768190786203199e+00 -7.734351122531177403e+00
4.459648184509156899e+00 -1.050943453087101531e+01 -1.048352232354644364e+00 5.465554744722692426e+00 -9.621831426187013037e+00
7.853260489362124730e+00 -9.015001511604904039e+00 1.042838894760161339e-01 8.849860318630279110e+00 2.801887492409182112e+00
3.132642347851350983e+00 -9.607024591761575749e+00 1.486112098189221742e-01 5.439017529484718061e+00 -6.269276856725214842e+00
6.082848816347384613e+00 -9.632888551721167758e+00 -8.338708880375099719e-01 6.964847778221306740e+00 -7.804672168269666699e+00
4.660183794288519366e+00 -1.056869971656998253e+01 -2.199513285880818070e-01 5.145368363516073629e+00 -6.849789689158167327e+00
4.092896645324654692e+00 -8.643337530431372429e+00 1.954824456598818205e-01 4.467226997071216843e+00 -8.836957770603765638e+00
2.662713433219067838e+00 -1.113452387286171685e+01 -1.307857372740774959e+00 4.514121431364610970e+00 -6.688142681309550142e+00
3.834102760739299232e+00 -1.002715175321091934e+01 -7.443880443085701959e-01 4.586974210092042981e+00 -7.882665042735334637e+00
6.797659842618577919e+00 -9.700241344027462631e+00 1.643472001759758383e+00 8.679784004623632754e+00 4.183370815464966697e+00
9.886976601118742991e+00 -7.592738294920173381e+00 -8.455021620245535274e-01 1.002525250180779182e+01 4.548868503922847140e+00
3.546844291084092049e+00 -1.207572184210754962e+01 -1.649002139372269138e+00 4.467309215824602830e+00 -8.673943252312732000e+00
8.401588758422210645e+00 -7.956234499771150048e+00 8.065088547264778751e-02 8.457017921150976392e+00 5.286492584304508746e+00
7.678858915249480610e+00 -8.457817396234611707e+00 -1.029256103409877721e+00 8.481688365990331491e+00 4.634379623104305956e+00
6.929869305695259385e+00 -7.429343556821300432e+00 2.313615031190039417e+00 8.390663221615428213e+00 6.769768791677892139e+00
6.899011436297518784e+00 -9.788827173463936049e+00 8.717620015022441438e-01 1.025442822263834941e+01 4.295535066547389036e+00
7.727583080088872514e+00 -9.303470721917122432e+00 7.888987238800360124e-01 6.799769005639559438e+00 5.440252742431497701e+00
3.696240822856691643e+00 -9.245183012145989920e+00 -7.816572089915099220e-01 6.502090229587499159e+00 -7.869073808695459249e+00
6.559829677124589864e+00 -7.829495687656610414e+00 3.048463484209887331e-01 8.997199334609932819e+00 5.418499152686022668e+00
8.087525177071164251e+00 -9.571541386573823473e+00 1.400042547607590615e+00 8.464764906865326566e+00 5.248761537286379841e+00
5.927204900990407310e+00 -1.128970267679508588e+01 -7.415887970036094679e-02 6.991646092444621985e+00 -7.794075732638328091e+00
5.717686858066255873e+00 -8.368152762501296138e+00 1.371962102086621282e+00 8.291075385396712960e+00 3.424024737789589601e+00
2.087513242915204792e+00 -9.830482475577309032e+00 6.514422499559366919e-01 6.176720870835826105e+00 -8.859900358233470996e+00
4.368384579345127250e+00 -1.152854799290991572e+01 -4.289796827342251540e-02 8.240547802109421838e+00 -8.016816837762297254e+00
6.621096947221929874e+00 -1.047067903452735216e+01 8.251181553580629879e-01 9.463249111995249763e+00 4.177329337752615501e+00
4.521171847563244306e+00 -8.321567836786126549e+00 -1.893606226972105233e+00 4.045447370690710365e+00 -7.542513552760971685e+00
4.858234746849815267e+00 -9.564002792772628325e+00 -1.153966581691867832e+00 6.491099142302487301e+00 -9.562225811213918902e+00
2.116102173925876073e+00 -1.099840778285411957e+01 -1.363509343156291909e+00 5.569164538748436755e+00 -7.994125373807024815e+00
7.655294138594264552e+00 -9.886959934499696345e+00 -1.231787901304683963e+00 9.939807522386015393e+00 5.989090842552229788e+00
2.626575598271040590e+00 -1.058600524077359140e+01 -1.550597939007815063e+00 7.420941238223962344e+00 -7.679641919880334733e+00
4.317174271791634155e+00 -1.108686293331158801e+01 -7.564999064528930006e-01 4.819613228076258693e+00 -7.560754617823037371e+00
5.900141669346201212e+00 -9.039997496352402351e+00 9.358687675751864443e-02 5.571567584848795107e+00 -7.018877714860218830e+00
7.184847172131326509e+00 -8.971516235688913099e+00 -1.188402182539611829e+00 8.207741844621549987e+00 5.173370396534368254e+00
7.726176713472144186e+00 -1.017941464733471157e+01 1.713936709914875012e+00 8.348098338237784688e+00 4.810833958087921580e+00
8.634128925127749099e+00 -1.033510763264651189e+01 1.058058234331228586e+00 9.626021526138551110e+00 5.621767279029837638e+00
7.719992363465745910e+00 -8.761100670208623598e+00 -3.939817273628531957e-02 1.049496796270612364e+01 5.290170023476006733e+00
3.930192270363817908e+00 -8.404801316786038257e+00 -1.686670069766984081e+00 4.226752692883735563e+00 -7.644974041469859927e+00
2.287821572134949299e+00 -8.897727026605451783e+00 -1.247153847637549440e+00 5.053712880277522856e+00 -7.983577733524273690e+00
3.979310516310393897e+00 -8.247835147683439061e+00 -8.998266366320614162e-01 4.474051877869189120e+00 -8.766836477417797369e+00
3.555964832802520625e+00 -9.128005779087841276e+00 -1.148837336982614366e+00 6.467509789104258111e+00 -8.767278439809430779e+00
7.101670176773998477e+00 -8.123949740553861432e+00 -1.536244155280322321e+00 8.710568412751912959e+00 5.402908861519197359e+00
3.363137949687786676e+00 -9.089325679301685668e+00 -1.573761371757333993e+00 6.922269528818996598e+00 -8.297125913467827019e+00
2.202824678967699512e+00 -1.138623701463088800e+01 -5.046572050361295414e-01 5.098062554640352850e+00 -7.839137136836418662e+00
4.795952286529256092e+00 -1.007390305769637173e+01 -2.380994468667958053e+00 5.658766989663146063e+00 -8.451723139315534539e+00
6.685461292899842256e+00 -9.247627481478287947e+00 9.259891751941478066e-01 8.542380436811734867e+00 6.204024505266626299e+00
7.790241200344684813e+00 -8.786313098970214952e+00 -9.319216759090014346e-01 8.366518974016685206e+00 4.925988298532884890e+00
3.526909199619045143e+00 -9.046164492283971015e+00 -7.617104345903903395e-01 6.546798799512556499e+00 -9.342772128719628810e+00
3.617763607589044916e+00 -9.384814431857334327e+00 -4.784693876224972442e-01 6.207099254812000311e+00 -8.783131875459538662e+00
6.888658913767469194e+00 -1.101512187913475316e+01 -3.228173650332615274e-01 5.983094874728376311e+00 -8.620218073625045108e+00
3.890283931783536708e+00 -1.036975342656326227e+01 -1.578346218747132212e+00 5.869285542529330435e+00 -9.075823449807257859e+00
5.936540193129892451e+00 -8.617105348743921311e+00 9.850761410016743991e-01 7.751254636320513036e+00 5.617809682315681563e+00
3.072314081148515452e+00 -1.079410076193560997e+01 -1.103153798249284723e+00 7.486337728012202319e+00 -7.896021962157408147e+00
7.746869136036036885e+00 -9.082431055708578782e+00 9.412544993171129137e-01 8.405247961525645906e+00 4.199617096937827476e+00
5.255255293489174306e+00 -1.037762013145002449e+01 4.277808221516706255e-01 8.537058620263085373e+00 4.713430142682445201e+00
3.533684753609171558e+00 -1.052267454851598849e+01 -1.410493515569626766e+00 6.048294321606487500e+00 -6.908156467220649688e+00
5.320882095738536322e+00 -1.076500720693936763e+01 1.145353790722005938e+00 5.304274065098000257e+00 -8.909164551565865509e+00
4.488538578679085234e+00 -1.060161378686118461e+01 -1.570674783396606156e+00 7.053193407378014257e+00 -8.045103796841923227e+00
7.313908703105446385e+00 -8.076628194938074046e+00 1.328328460395620469e+00 8.375263225229511832e+00 6.702163538771170437e+00
2.219805104308871346e+00 -1.042427919823673221e+01 -2.719022835693497786e+00 5.758262120528519823e+00 -8.797660737493750105e+00
8.085635432433996073e+00 -9.517261456997690772e+00 8.680206891258018809e-02 8.521111936830299882e+00 4.375233448942173808e+00
8.056387228470290651e+00 -7.511060214635104870e+00 9.527976469985620644e-01 8.494802839843552889e+00 6.762286635026001136e+00
3.958484665753971399e+00 -8.242883617885956582e+00 -1.406655479349611104e-01 5.067508590387781453e+00 -9.014439332964409246e+00
8.998330770486711927e+00 -7.708584229552579714e+00 -4.225867301519243835e-01 8.495181354833567511e+00 2.449871748076692501e+00
2.407253611899614398e+00 -9.687396991082581010e+00 -5.644380038239571462e-01 5.550873731114291942e+00 -7.992649965322152994e+00
4.395434191173672289e+00 -1.265322657487003966e+01 -2.346141660130661055e+00 8.508927171711547999e+00 -8.705642585271975875e+00
7.917803143567899937e+00 -7.846791486052837605e+00 -5.094087926652194342e-01 8.692712841555145786e+00 3.691185324721543815e+00
3.239787070503512112e+00 -1.001763992988896845e+01 -6.255883327678093409e-01 4.508570926116353128e+00 -9.039484987932276283e+00
6.863170520183150103e+00 -8.931374627367317132e+00 -7.448976531333343365e-01 8.374921667517613244e+00 4.984964646778633046e+00
4.238257783345424912e+00 -9.642176685934176206e+00 -3.285970723728667497e+00 6.277664312076803199e+00 -7.498198136693158489e+00
4.387121723352207070e+00 -1.028700239169637598e+01 -7.043515362792659440e-01 4.797354842030790323e+00 -8.255396300211623739e+00
3.544202181732915680e+00 -1.078384663408074040e+01 -8.978336229087946485e-03 6.141395352615042214e+00 -7.994315219508981940e+00
8.039015959723920801e+00 -1.014427322880534987e+01 8.329318513858870177e-02 8.348996505948376168e+00 6.426019702551942103e+00
8.683965436475254762e+00 -8.789020977491144748e+00 1.862160364596342488e+00 8.271517629618886147e+00 4.015700418182444054e+00
7.408076131415745280e+00 -1.129070418218928396e+01 1.422429781480615052e+00 1.035341290864759323e+01 4.313795357075626669e+00
5.986965103333540483e+00 -9.905102321418235434e+00 -9.023362936057932604e-01 7.583243527853349875e+00 3.974615755704952846e+00
4.239085205046326799e+00 -1.213370238242980825e+01 -1.065027331834051960e+00 4.398845272633477244e+00 -9.138593498225329625e+00
5.792311280904412385e+00 -8.336921598081218576e+00 -3.949662256986937736e-01 8.163871627615382209e+00 6.037390097628759555e+00
5.506715549396576037e+00 -7.733741598047814136e+00 3.141804179062930302e-01 6.799747510128884898e+00 -8.460018068544554737e+00
7.636363662813487885e+00 -9.365928906983823410e+00 -4.368039584655291074e-01 9.350300531438445972e+00 4.886802542382586267e+00
3.931742711584222949e+00 -1.074588021818412997e+01 -9.802790377846288816e-01 5.745245380520707101e+00 -7.924751897513120369e+00
7.317890895891340897e+00 -8.997126258916669173e+00 -6.680554977536843353e-01 1.010305727767152284e+01 3.097928467887249404e+00
7.526286035668191765e+00 -1.038538383742884719e+01 -8.833638382875601547e-01 7.704860219107626307e+00 4.052112101981421688e+00
5.571471567947538617e+00 -9.497557970692977136e+00 -2.624868709981673209e+00 5.678890372614460169e+00 -9.303769871683895687e+00
7.058826199888910580e+00 -7.993742823411632337e+00 -1.716458556826228055e-02 8.211070332339089006e+00 6.578057452135708694e+00
4.256503707241395595e+00 -8.189700805723358457e+00 6.948986449387077879e-01 6.146957145982984372e+00 -9.088486839496184189e+00
3.772319698876483329e+00 -1.082728898040436505e+01 2.173932016014189506e-01 5.310363353955077415e+00 -8.132177273332358070e+00
8.961819891490774737e+00 -1.026989681463152770e+01 -9.734498281051745527e-03 9.568914575324525273e+00 5.048433056195359647e+00
8.541430156427589182e+00 -8.697994106040843221e+00 1.250479208187886160e+00 9.682682038362568022e+00 4.566668077396932368e+00
6.816466567917304431e+00 -8.662785539235560606e+00 -2.840370999838380595e+00 9.197752958319689753e+00 3.697591634662331206e+00
5.944008304838822809e+00 -1.116589021195211373e+01 -1.392195880345583614e+00 3.670419048696320630e+00 -8.413348301977634947e+00
5.790501919284936960e+00 -8.673473180828297657e+00 2.666543234358843328e+00 7.857399563117051677e+00 5.771491660951517666e+00
7.130430093909857270e+00 -7.566453217448788848e+00 9.089763139309672280e-01 7.862036553635974201e+00 5.032790047958414448e+00
3.038755460162563704e+00 -1.191786201282009827e+01 8.484534850724652078e-01 5.414788990228708521e+00 -7.539700151249793869e+00
3.580975246844042559e+00 -1.037115323702403913e+01 -1.059100539494569615e+00 5.250857293160542838e+00 -7.493759076218256432e+00
8.212211968646913718e+00 -8.861573978862590906e+00 -3.719188612736086252e-01 7.359163365714872285e+00 3.293855917398792243e+00
5.523692386494875706e+00 -9.099487598767844077e+00 -4.841374180103918956e-02 9.615515419198173319e+00 4.769593764118799761e+00
5.609727055197388346e+00 -8.596725465203743255e+00 -1.370843856046956688e+00 4.182227547722279226e+00 -6.731828257014489836e+00
6.713545627913703129e+00 -9.639990765553658747e+00 -7.789871875640306254e-01 7.069212165580397667e+00 4.200860653968895519e+00
4.698448724974552348e+00 -1.029525087395550997e+01 -2.570245673588029689e+00 5.994392208913551734e+00 -7.864273462466243814e+00
5.217529302052936302e+00 -8.691485053789024917e+00 -6.357007127498803811e-01 9.778819270936793373e+00 4.684605119460377942e+00
7.442083692514642301e+00 -6.696128518761055304e+00 6.323090647303395428e-01 8.802068559412868254e+00 4.185630098608015714e+00
8.147744222124488900e+00 -9.353120275961090968e+00 8.869671238740370889e-01 9.506185442606660985e+00 7.696404433992026561e+00
3.261654691855725652e+00 -1.053378569771733098e+01 6.553105304325976821e-01 6.999830415941998396e+00 -7.651011635514248788e+00
8.846248877524809373e+00 -9.775343966534411067e+00 -9.218727161431921058e-01 9.070390433039644762e+00 5.553488270342731070e+00
3.051879753207643819e+00 -1.092903406033674685e+01 -1.789368128119671386e+00 7.142183775759870734e+00 -6.869471261732363665e+00
9.391793787182891151e+00 -7.153196541517661267e+00 5.316420111378696856e-01 7.824323056685441813e+00 6.014931597070433789e+00
7.694921929538807603e+00 -9.792203156796496444e+00 -1.701399345376757744e+00 6.329612234529968795e+00 2.969844771928144223e+00
6.011655172903401123e+00 -9.270267015625023532e+00 -4.325193927011031225e-01 5.655640455872482875e+00 -8.540374409895413521e+00
3.606550367108800170e+00 -1.024627766755847347e+01 -7.543146299280191203e-01 4.497020861039398909e+00 -8.286783191416098759e+00
5.684605199961532129e+00 -8.950196989755147214e+00 -4.470630336200526744e-01 5.082009039915176274e+00 -8.410114487570208297e+00
5.742606215012180826e+00 -8.326072870945926852e+00 7.802874143389287864e-01 8.661830511609405647e+00 5.573357979379975014e+00
5.715104142422769762e+00 -9.903403724457417567e+00 -2.965021875578791377e+00 5.472899830833547696e+00 -8.376185476272890895e+00
6.624738602128163123e+00 -9.060237173249293008e+00 1.383994097346653351e+00 8.405140738936458078e+00 3.807197506991866653e+00
6.602380675209539085e+00 -8.156663763665708444e+00 2.373160095851474527e-01 8.063932894354808312e+00 5.208510290053759206e+00
3.471130702498477660e+00 -9.429513826830325129e+00 -4.862269041033473460e-02 6.112568011634976095e+00 -8.165682835464940226e+00
6.386574131228225149e+00 -1.092167876513230240e+01 1.309359858280575883e+00 8.375404173335113001e+00 7.320579451405182070e+00
4.757590171964751313e+00 -9.777141417657272626e+00 4.585109595216816381e-01 6.975466894425533582e+00 -5.969322036914311624e+00
7.552898910345728467e+00 -9.070267565866211967e+00 1.185469314265831242e+00 1.048541028988474011e+01 5.216787069956529521e+00
8.131081482455648768e+00 -9.192033212591598001e+00 7.852509983952721262e-01 8.023844147328000886e+00 4.229071820930162318e+00
4.729790670652167073e+00 -8.501661206157702821e+00 -1.869344687221028645e+00 5.722642538795818190e+00 -8.295524885309527363e+00
4.864053052237470531e+00 -1.041292921302067498e+01 -1.790462644021115102e+00 5.710515298151503494e+00 -7.175199428479704267e+00
6.796074097956443794e+00 -8.324750115414905949e+00 8.362271806912066063e-01 7.620590107161469007e+00 5.440967878915900613e+00
4.928432684209282932e+00 -9.062384439629944666e+00 -1.781758071077893524e-01 6.082425177303316666e+00 -7.978656554332983042e+00
3.762020338611423487e+00 -6.230379688340812905e+00 -4.976545071984570523e-01 6.783538227103707463e+00 -8.656153626248263677e+00
3.462208921423724828e+00 -1.018476294049171571e+01 -6.568211696039248926e-01 6.182408239255550164e+00 -9.679121119776731064e+00
5.253098876611802304e+00 -1.007351966354723416e+01 4.982774433877819042e-01 5.806266131890461146e+00 -8.387447257892661767e+00
8.323383903934011840e+00 -1.029321942690309477e+01 1.162165589051130793e-01 8.620544123766649136e+00 6.166337613841587739e+00
3.555741782902741122e+00 -9.152498551651428116e+00 -5.786953768756740724e-01 5.221019646134418046e+00 -7.499172518443152136e+00
2.798777960396112263e+00 -9.474056298105370644e+00 -1.593792425497416065e+00 5.064083101863952940e+00 -7.561941242878877034e+00
5.371348331971320889e+00 -9.346335574855947570e+00 -1.503360974712613096e-01 5.253570898317541094e+00 -7.476930622384537983e+00
6.474527272929876176e+00 -7.596653699690921080e+00 1.236628883674298018e+00 8.641852371013992951e+00 4.942234613129819820e+00
6.256988390218465312e+00 -9.610305689758991576e+00 2.094878735856954055e+00 1.029591965881889237e+01 5.488314377036848768e+00
8.680791869103423153e+00 -9.091226977037431212e+00 3.222276320601777932e-01 9.413654090782472394e+00 5.065333533354610118e+00
5.793158955047178260e+00 -8.097204083324600177e+00 -1.506751621413937148e+00 8.349265383634300264e+00 4.033146351075274971e+00
7.133782482403444369e+00 -8.449827220902275116e+00 2.875642787966684044e-01 8.538493716491860397e+00 4.686924912837265644e+00
7.080680399489822641e+00 -8.378771542355229585e+00 1.197794219326464793e+00 9.447305792183119166e+00 4.586558197014213079e+00
7.110622223283323606e+00 -9.938701421126028279e+00 2.340219119414532478e-01 7.653641380214552647e+00 3.865726437095151624e+00
6.164785354146122387e+00 -1.029307502713007239e+01 8.212846790433655508e-01 9.920655921213985096e+00 6.792219299230514373e+00
3.229487356654312968e+00 -9.117788111364475867e+00 -1.297016031583349882e+00 5.492956862361557668e+00 -8.555009907661233370e+00
4.939233041852562067e+00 -8.675969222221832311e+00 -8.043665681892713248e-01 4.508288102071253967e+00 -8.243511393317573877e+00
5.631605397776967337e+00 -1.045403020773523650e+01 1.652724702555785852e+00 1.027935892290589237e+01 5.846415107186960114e+00
5.014737919110700659e+00 -8.370524446866742352e+00 -1.698598119991430733e-01 6.682008943057393680e+00 4.941763451427340748e+00
6.730906467660174641e+00 -8.605851705685603648e+00 -9.985067942043932554e-01 8.285504705172066053e+00 6.991368769207668699e+00
3.850479635539652001e+00 -8.806354774102265637e+00 -2.097372156909148577e-01 5.035642775492171985e+00 -8.624959299419058922e+00
6.883111010193919910e+00 -8.875832120968087935e+00 -7.745800542590175475e-02 8.536309529739964930e+00 7.073291721626614681e+00
6.952299247632517165e+00 -7.950166922521828994e+00 -1.884816182218877145e+00 9.631830044193760543e+00 3.431274558935944352e+00
5.727744594981989401e+00 -8.344612245794209571e+00 5.028733860008027801e-01 6.579690423253469866e+00 -8.465897063687606305e+00
3.875240152690393902e+00 -1.051827022668707556e+01 -1.139677701147264743e-01 3.951302578725977455e+00 -8.151229371031227799e+00
1.001795618061776239e+01 -9.538957922612485874e+00 1.626136960383460561e+00 8.172091790787066046e+00 5.364404393201884780e+00
7.913251001453678768e+00 -1.053317841370560792e+01 3.165469030131146666e-01 8.047217411417696198e+00 5.716647431267226409e+00
8.014323578369115353e+00 -7.941575519801308047e+00 -1.245216867421240048e+00 8.110254250988194968e+00 4.837231333125563637e+00
8.573508927448161288e+00 -9.614781636170249612e+00 1.693811690966117167e-01 9.155215016082239643e+00 5.335029038094526221e+00
4.037158256396708111e+00 -9.245863731768814375e+00 -4.594848182300086403e-01 5.171413169864393033e+00 -8.062633950338947031e+00
8.560648826923141996e+00 -9.885772686182301427e+00 -1.020550451998774033e+00 9.291148574524683568e+00 2.474983527692740104e+00
4.830352319168413899e+00 -9.629063449350731219e+00 -7.296220711347833898e-03 5.320906657167937759e+00 -7.001866837598747395e+00
6.463638075844687414e+00 -9.815678310039816168e+00 -5.776584134625998290e-01 9.249478621402298373e+00 6.219093613536758269e+00
3.981309438292318426e+00 -1.025278976435987488e+01 -8.155520154415389911e-01 4.796418637974877441e+00 -9.454163746947321201e+00
2.830014211055685180e+00 -9.754089270922795762e+00 -1.129060147218389654e+00 5.907266153445452694e+00 -7.333969884771735614e+00
3.269546475224770710e+00 -9.892718491821423044e+00 -3.027230621924024145e-01 3.966660563959545804e+00 -8.634847378999227274e+00
8.107351549899622256e+00 -8.443295329246828018e+00 -5.407644155556262655e-02 7.639415437033661327e+00 5.685935189321421390e+00
8.213205064696786906e+00 -9.001270380589275533e+00 -1.872967959388869841e-01 8.103573068575361305e+00 4.901195925608185178e+00
5.847683178615376676e+00 -1.076203344557840325e+01 2.338404322324798112e+00 8.144513978619510652e+00 3.852364769378245235e+00
6.667649788950614997e+00 -1.001323802635060289e+01 2.763622383134653471e-01 9.234839979741657601e+00 4.972992911467606802e+00
8.213813266453781736e+00 -9.746255953439996844e+00 1.704047088768467333e+00 9.526672812460748929e+00 6.780651632634391746e+00
5.086165787880007727e+00 -1.031445600275993435e+01 9.645409069627426391e-01 6.807953427129277202e+00 -7.675070559974278339e+00
4.564125037462986256e+00 -1.112155568494952718e+01 -1.051711171154844582e+00 5.737577370742927840e+00 -9.617325962940004302e+00
3.093397307025544496e+00 -7.846401074843265988e+00 -1.000269852185587505e+00 6.719994459399870834e+00 -5.788301617236230712e+00
6.702257027995676353e+00 -8.050101331329134524e+00 3.571071071349083415e-01 8.356128412672511274e+00 6.175293342257550222e+00
6.860751129973817086e+00 -9.989312478701219078e+00 -3.328781673533457441e-01 9.628747023792866955e+00 5.274962953588351766e+00
3.914236229276362611e+00 -1.132611020644014488e+01 -6.085027895345637150e-01 3.603170121548129323e+00 -7.529682789527623044e+00
2.577299620700879146e+00 -9.231995143969449202e+00 -1.498877573394274076e+00 4.878139928036968165e+00 -7.334364366978620708e+00
3.687655336643389514e+00 -9.701824931368806304e+00 -2.325823802096154691e-01 4.999780939608038821e+00 -8.633703410843640569e+00
3.329497517618786429e+00 -1.001582275873920658e+01 8.996410243776198357e-01 4.848647183789919879e+00 -8.293969970337260023e+00
3.739138949082163599e+00 -1.114312336871299891e+01 -1.073346566177161288e+00 4.125053441963826728e+00 -8.757949258599602160e+00
7.467595240654279820e+00 -9.717795935981492050e+00 1.922631083630840454e+00 7.753952864550663904e+00 5.591103238906002915e+00
6.381588546439147969e+00 -9.984047966889935566e+00 -5.111577043283823674e-01 8.268726380853276936e+00 5.482902719015127602e+00
4.042964854303311206e+00 -9.185027173385758914e+00 -4.690980562031936696e-01 6.578784595081270226e+00 -9.445384826097889430e+00
4.401597068512015376e+00 -8.565348011757574653e+00 9.340463193711368017e-01 5.857991884203679334e+00 -8.611861793018976030e+00
7.389068163079633322e+00 -8.913013709407888285e+00 -3.084061222566676363e-01 9.511917368941638529e+00 4.667407747757513548e+00
4.626774455755428228e+00 -1.003864172095185481e+01 -1.571335013377336942e+00 5.126805032709924603e+00 -9.749001524294348187e+00
7.635343048600678806e+00 -8.220300992764649095e+00 1.235114366950395226e+00 9.480771462679841832e+00 5.643455105526233417e+00
5.473985959131971057e+00 -9.792758213667848821e+00 -1.105855605161795818e+00 5.906324113146513177e+00 -8.395630118658566232e+00
8.963909307193670628e+00 -1.064578734364576285e+01 1.326912773675624324e+00 8.934967301158165398e+00 4.115130998316686828e+00
4.603535073600837357e+00 -9.428446740185631114e+00 -1.034271942794244614e+00 5.545786261348248480e+00 -8.386818110157458150e+00
9.650023110250629088e+00 -8.947890931875193132e+00 -9.790882591788940825e-01 8.547128987395819166e+00 5.610751901350474746e+00
6.945209184257524093e+00 -1.026863601507341528e+01 -7.258084546184340180e-02 8.187100469156082028e+00 5.997048024682928968e+00
2.873529906432243042e+00 -9.550474850817670003e+00 -2.598724545232629524e+00 6.604105809463007404e+00 -7.486833918318225756e+00
6.633010039080206255e+00 -8.284555603283743963e+00 9.465623247689064490e-01 9.925312016625902345e+00 3.658190737177069884e+00
6.824094809977522935e+00 -1.030030381470502832e+01 6.127643460551459587e-01 9.126044054332508537e+00 5.399471584601639229e+00
7.526172544919789154e+00 -9.668130331528040244e+00 -9.219578673685282499e-01 9.493648259606864315e+00 4.291932723375179393e+00
7.951211992245908355e+00 -1.000780826340981200e+01 -2.794649570976312503e-02 8.470067193278362438e+00 4.581547575458507104e+00
6.888754366587109601e+00 -1.032259043911480845e+01 2.239780109242610173e+00 8.844935892644178566e+00 5.181695231450843764e+00
2.855918795782838693e+00 -9.850872452528800949e+00 -8.438775494328690785e-01 6.796399758369892297e+00 -7.825282315225658536e+00
1.902811546772495532e+00 -9.573122957333852767e+00 -3.191490315234943864e-01 4.865894941444357968e+00 -8.759732647889872936e+00
5.968006406066733938e+00 -9.564539304930136154e+00 -7.126496018924517450e-01 5.476705149387049332e+00 -1.006523460306245887e+01
6.729864986541577387e+00 -9.313690099642560227e+00 7.501311358964910525e-01 6.524332244792313773e+00 6.075474061872162324e+00
3.975780094521276897e+00 -1.051474208426570556e+01 -7.605197986528832166e-01 5.999956932848172109e+00 -7.379133906569250279e+00
8.692538827540154500e+00 -9.064151867561625053e+00 -1.272547126677635809e+00 8.784153177039625504e+00 6.137462574727763354e+00
7.736513328281771074e+00 -9.331918854006005404e+00 3.038103846845509604e-01 8.863631484369470570e+00 6.235450392587571500e+00
7.208150872573077628e+00 -8.427574699601468211e+00 -1.455097409593762103e+00 1.004316803313171036e+01 5.030327877866540121e+00
3.554346373216402899e+00 -1.030497627915675096e+01 -1.811680682198717474e+00 7.235192630035177430e+00 -7.496855071944269255e+00
8.483251137151661680e+00 -7.834325998155708959e+00 8.832484918586538392e-01 9.390789901202509782e+00 4.419408177493979295e+00
5.492620243273595548e+00 -1.144485313812229776e+01 7.399413738048332689e-01 5.071543275733708001e+00 -7.747082325641309275e+00
4.218313369495817255e+00 -8.816646215812275145e+00 -1.413070614270710568e+00 5.262936447369010118e+00 -8.418883724215852737e+00
4.831214562291418879e+00 -1.034977104108583923e+01 -9.662442194474158974e-01 5.798810467125779411e+00 -8.469856143847374952e+00
5.922734712609080354e+00 -8.871811765544954653e+00 9.919703369361912992e-01 1.008794604022321018e+01 4.193330252443038475e+00
8.429517106447690367e+00 -9.855558214331654909e+00 9.738500197500928879e-01 8.171763961016576872e+00 5.805186147612093173e+00
8.449104054270028641e+00 -9.654088421929955643e+00 -9.190865655619713248e-01 9.253167604465598828e+00 6.055361437884739573e+00
3.729307579965251751e+00 -9.839646229560562674e+00 -3.444200246828346690e-01 4.489469683338572992e+00 -6.399360322694357173e+00
3.666434260826588076e+00 -1.036541196764464701e+01 -6.337449984970274786e-01 5.394442045628171201e+00 -8.382565412968752128e+00
8.066552839813416753e+00 -1.090296730941437175e+01 -1.759026290783144653e+00 1.024630587518643843e+01 5.873509118758488690e+00
7.407627600110775923e+00 -1.055739908002369454e+01 1.073992121245945786e+00 9.899945193706802371e+00 3.325233143056187224e+00
8.780779457849300584e+00 -9.170455687462448324e+00 3.368607945183862418e-01 7.036374568719781841e+00 4.637943355082187580e+00
3.168040334728640772e+00 -1.044489099781410424e+01 -2.040560567788406665e+00 4.646093737508636856e+00 -9.760528029680182627e+00
3.843291794866892541e+00 -1.132659085869141435e+01 6.415054846120051835e-01 6.365479128488544802e+00 -7.336104640804764543e+00
3.311980699136417350e+00 -8.647535115487306356e+00 -2.224811218820707204e+00 6.281481164679092899e+00 -8.129303072110264594e+00
3.205740383865149035e+00 -9.706731089937145285e+00 1.226092262640410269e+00 5.818865472498541358e+00 -7.548786204799255550e+00
8.074174931267126709e+00 -7.743836383372415533e+00 -2.213061191153288476e+00 1.047813932965901706e+01 5.460679252924757421e+00
2.364550557679106824e+00 -1.060450256704969618e+01 -1.307766882988818491e+00 6.729504240060985687e+00 -7.378380536933484279e+00
6.817279191869285881e+00 -1.149511106248181136e+01 4.871383125842632666e-01 8.649924451508653078e+00 5.377363443305896773e+00
8.615416956569280416e+00 -8.268879507515334737e+00 6.190408707837578017e-01 8.863635385681407186e+00 4.811107351191993509e+00
8.471743651886447068e+00 -9.008990536919680991e+00 1.748560621197025045e+00 7.565948442547334452e+00 6.477665124599529811e+00
8.623552791069299062e+00 -8.620612972279506181e+00 9.509471448371967228e-02 7.668839175565310029e+00 5.953332213676566731e+00
6.389640493422570344e+00 -9.143907648167106217e+00 1.349269068611505640e+00 9.275913356621789063e+00 7.002071896051054622e+00
7.626448112378968247e+00 -9.188690152164642910e+00 -7.198471377990676157e-01 9.615358661852152267e+00 4.304516381918237933e+00
2.706842735877479367e+00 -1.168736033751876136e+01 -1.497466635027702386e+00 4.346365868868840465e+00 -8.855412337792341049e+00
4.923460450357339369e+00 -1.131465037445554422e+01 -6.555388879570377414e-01 4.641491518357493185e+00 -1.038817305277467362e+01
5.363046031545413150e+00 -1.071147143648682842e+01 2.840724747924164850e-01 7.454085279589161672e+00 -9.054718512390909524e+00
1.001543411971456088e+01 -1.036208413411402951e+01 1.034761131519263300e+00 1.119978958234403343e+01 5.313335857624776892e+00
3.107679410873354531e+00 -8.620248112502416404e+00 -4.640570803415110523e-01 5.442486570679266222e+00 -7.342815745578974429e+00
6.585756900946572401e+00 -8.259296408010468937e+00 -1.091687406123585946e+00 8.305101122048689888e+00 4.570839900120993171e+00
5.975976133163714010e+00 -9.090357880697391479e+00 3.266178666999316471e-01 7.419058836890991770e+00 4.633363016074584451e+00
8.211982622740222837e+00 -7.773730883321322338e+00 -1.562982513516847582e+00 1.009929995666846558e+01 4.524806729632183888e+00
2.812424000158442183e+00 -9.221791226000373598e+00 -1.386913211126475698e+00 4.354832575335562339e+00 -9.406566337369469011e+00
8.147575424316316983e+00 -7.821980800909406284e+00 1.314878477385675648e+00 8.721145825121345396e+00 4.672462135343741885e+00
2.960245039166362169e+00 -9.802354499470146365e+00 -1.667808926866857000e+00 3.834088475464382029e+00 -7.887781005508593068e+00
6.434152170571062257e+00 -1.079890111402742647e+01 -5.551910110390090303e-01 8.260633455650623347e+00 5.953483001805941477e+00
3.172316172572188897e+00 -9.029299587220513956e+00 -4.308707620229073054e-01 6.208595293311484298e+00 -7.481155894572273368e+00
2.998710749657676367e+00 -1.094276866585001429e+01 -1.486628937498826630e+00 5.829597532218853573e+00 -7.126464485597841403e+00
5.924602079463599402e+00 -9.071562319544288044e+00 1.258361623075316960e+00 8.902133276502388171e+00 6.636468843548753327e+00
5.277993318666799105e+00 -1.102000715165959122e+01 1.092441942554045919e+00 5.474799354120222894e+00 -9.339009848685931203e+00
3.646678063211526766e+00 -7.917226808333271748e+00 -1.509699805216341950e+00 6.191510633246496198e+00 -7.696406740133479474e+00
2.988634132918042141e+00 -7.387813686958682347e+00 3.564888447500664803e-01 5.474832721055429730e+00 -6.939125457572920652e+00
6.647925919965102182e+00 -8.876461266540381700e+00 2.197774100486720172e+00 8.915184387923673626e+00 6.248234289697634836e+00
2.316042790273492358e+00 -8.915919642485279795e+00 -6.098023919695301220e-01 6.456991596988114424e+00 -8.661214344224761774e+00
6.926912740933454771e+00 -6.920034811231504435e+00 -1.589012834481417391e+00 8.312699992426146878e+00 5.249358289343446948e+00
4.206094929734792487e+00 -9.157205260696306581e+00 -1.663861313542318587e+00 5.640169830781567306e+00 -8.358061079691106343e+00
4.875118909085531804e+00 -1.060190118553340710e+01 -3.661330868852419873e-01 5.865235651592112021e+00 -7.479796285662127175e+00
4.326962641850528257e+00 -8.736427868056933832e+00 -1.090622781496846105e+00 4.712964920946831171e+00 -8.461023116519347909e+00
3.393990100991410408e+00 -9.287376433519126451e+00 -1.594297604308782867e+00 4.522423947792400867e+00 -7.091316406330165023e+00
5.035953190843674321e+00 -9.375795441682974740e+00 -1.022944830093349244e+00 5.730346196631686873e+00 -7.592254371553259773e+00
4.547816261534046056e+00 -9.286339391561520884e+00 2.928214141309658514e-01 6.198808218398916381e+00 -6.894168393757989399e+00
8.622930287543260519e+00 -9.821302143076280800e+00 1.394475528488097860e+00 8.733782829149326687e+00 5.408752741422468091e+00
4.883699768948649655e+00 -9.692305633156756528e+00 -1.892380416606198601e+00 5.671078116170358285e+00 -6.939394848736915478e+00
7.291595924464625789e+00 -9.363098328051496111e+00 1.091568396646484640e+00 8.477776902843400464e+00 5.142171434076936443e+00
6.586364668026394753e+00 -7.988750001144645729e+00 1.256441867595009976e+00 9.970954852425487402e+00 5.364515266458155018e+00
6.993315569786219044e+00 -9.704100649314616689e+00 1.641932037336021777e+00 9.957087620139574824e+00 5.499089640198782547e+00
7.991599222392963497e+00 -8.780526200140682747e+00 1.076556168084172427e+00 7.031065579687908240e+00 6.485402338540421141e+00
6.842458428997747255e+00 -8.529652574435900192e+00 2.132632792765672136e-01 8.665951653642636643e+00 4.291064163285036592e+00
3.360942229120036817e+00 -9.638751476420127418e+00 -1.836097786142674160e+00 5.098453991980789191e+00 -7.400283554470762581e+00
8.040001247190499356e+00 -1.069590029008037924e+01 4.752029618240548037e-01 9.253345962512277367e+00 4.258984596597416683e+00
9.438948606075738823e+00 -8.878675852951339209e+00 -1.364451900882014401e-01 8.087963277389381034e+00 4.197115557924230522e+00
4.571199698779272680e+00 -1.062071611373509583e+01 -1.708187001707861974e+00 5.366513150681420541e+00 -9.255753047038414394e+00
8.089703239155603853e+00 -7.820649587434767902e+00 1.319255248714318540e+00 7.965499240551420890e+00 4.352814555252367157e+00
8.277678313925012077e+00 -8.091582598362577983e+00 -2.153895721256721130e-01 9.032307631895466926e+00 5.558248490099873429e+00
6.373120104037786504e+00 -1.029786697059962997e+01 9.757402113715619718e-01 7.399166299277244008e+00 6.051766075936122036e+00
9.345685555059263905e+00 -8.620692201074703576e+00 8.205439400822330809e-01 7.792489215304229333e+00 5.895190654699722366e+00
3.652102833784748093e+00 -1.058809280179328383e+01 7.517547041113181727e-03 4.436384986695840027e+00 -9.429927292571111508e+00
3.091702225341567356e+00 -1.148569659837270862e+01 1.175921388560305036e+00 5.222476734143817190e+00 -7.198200007702732606e+00
8.772555873354249911e+00 -8.935146309678007270e+00 -2.334638133869705867e-01 7.990567764196448763e+00 5.879410367142135385e+00
3.175724967717542757e+00 -1.035505923446527987e+01 -1.605290530440257601e+00 6.592590671632450494e+00 -9.242017560362807416e+00
4.247867327766225110e+00 -1.019313966751395562e+01 -1.971514444554645751e+00 7.461839789094606878e+00 -7.602661153733958344e+00
8.291798749249139178e+00 -9.592303599402645986e+00 3.750149144263303924e-01 9.465447511291344540e+00 6.750429105477671499e+00
3.619851235148158430e+00 -1.018970620047075926e+01 1.546248687842591840e-01 4.595843460478091558e+00 -8.064693667224373641e+00
